Potential(V)	Current(uA)
0.19	-0.07789
0.191	-0.0581
0.192	-0.04623
0.193	-0.03073
0.194	-0.02267
0.195	-0.02272
0.196	-0.006413
0.197	0.002694
0.198	-3.576E-4
0.199	0.003028
0.2	0.005031
0.201	0.01214
0.202	0.01867
0.203	0.02835
0.204	0.01662
0.205	0.02425
0.206	0.03526
0.207	0.04117
0.208	0.03045
0.209	0.04318
0.21	0.05391
0.211	0.04838
0.212	0.05329
0.213	0.05023
0.214	0.0584
0.215	0.06416
0.216	0.06592
0.217	0.07036
0.218	0.07471
0.219	0.08094
0.22	0.08161
0.221	0.08271
0.222	0.08285
0.223	0.08409
0.224	0.08657
0.225	0.08423
0.226	0.0952
0.227	0.1019
0.228	0.09387
0.229	0.09763
0.23	0.1094
0.231	0.104
0.232	0.1098
0.233	0.1113
0.234	0.1145
0.235	0.1151
0.236	0.115
0.237	0.114
0.238	0.1176
0.239	0.1227
0.24	0.1273
0.241	0.1343
0.242	0.1253
0.243	0.1352
0.244	0.1328
0.245	0.1297
0.246	0.1333
0.247	0.1393
0.248	0.1409
0.249	0.1474
0.249	0.1495
0.251	0.1534
0.252	0.1486
0.252	0.156
0.253	0.1481
0.254	0.159
0.256	0.1582
0.256	0.1541
0.257	0.1547
0.258	0.1606
0.259	0.1581
0.26	0.1546
0.261	0.1642
0.262	0.1726
0.263	0.1595
0.264	0.17
0.265	0.1764
0.266	0.1823
0.267	0.1739
0.268	0.1776
0.269	0.1746
0.27	0.1755
0.271	0.1813
0.272	0.1832
0.273	0.1837
0.274	0.1872
0.275	0.1868
0.276	0.1906
0.277	0.1984
0.278	0.1902
0.279	0.1827
0.28	0.1917
0.281	0.1965
0.282	0.1964
0.283	0.1984
0.284	0.2009
0.285	0.1999
0.286	0.2
0.287	0.1944
0.288	0.2015
0.289	0.2087
0.29	0.1992
0.291	0.2106
0.292	0.2162
0.293	0.2158
0.294	0.2151
0.295	0.2141
0.296	0.2143
0.297	0.215
0.298	0.2229
0.299	0.2274
0.3	0.2278
0.301	0.2266
0.302	0.2264
0.303	0.2229
0.304	0.226
0.305	0.2274
0.306	0.2271
0.307	0.2225
0.308	0.2287
0.309	0.2346
0.31	0.2322
0.311	0.234
0.312	0.2353
0.313	0.2355
0.314	0.2397
0.315	0.2406
0.316	0.2441
0.317	0.2384
0.318	0.2453
0.319	0.2416
0.32	0.2443
0.321	0.2518
0.322	0.2446
0.323	0.2552
0.324	0.2513
0.325	0.2575
0.326	0.2567
0.327	0.2551
0.328	0.2567
0.329	0.2569
0.33	0.2581
0.331	0.2577
0.332	0.2603
0.333	0.2637
0.334	0.2627
0.335	0.2697
0.336	0.2707
0.337	0.2661
0.338	0.2721
0.339	0.2776
0.34	0.272
0.341	0.2754
0.342	0.2761
0.343	0.2761
0.344	0.2779
0.345	0.2779
0.346	0.2814
0.347	0.2881
0.348	0.2771
0.349	0.2846
0.35	0.29
0.351	0.2942
0.352	0.2836
0.353	0.2862
0.354	0.2866
0.355	0.2877
0.356	0.2938
0.357	0.3009
0.358	0.2969
0.359	0.2948
0.36	0.2999
0.361	0.3108
0.362	0.3045
0.363	0.2975
0.364	0.3044
0.365	0.3054
0.366	0.3087
0.367	0.3083
0.368	0.3114
0.369	0.319
0.369	0.3199
0.371	0.3169
0.372	0.3124
0.373	0.3179
0.373	0.3145
0.374	0.3212
0.376	0.3178
0.376	0.3243
0.377	0.3261
0.378	0.3344
0.379	0.3305
0.38	0.3264
0.381	0.3342
0.382	0.3306
0.383	0.3327
0.384	0.3297
0.385	0.3334
0.386	0.3397
0.387	0.3379
0.388	0.348
0.389	0.3404
0.39	0.35
0.391	0.3389
0.392	0.3468
0.393	0.3469
0.394	0.3515
0.395	0.3524
0.396	0.3565
0.397	0.3597
0.398	0.3588
0.399	0.3526
0.4	0.3527
0.401	0.3614
0.402	0.3586
0.403	0.3691
0.404	0.369
0.405	0.3746
0.406	0.3663
0.407	0.3717
0.408	0.3797
0.409	0.3771
0.41	0.3767
0.411	0.3791
0.412	0.3806
0.413	0.382
0.414	0.3841
0.415	0.3845
0.416	0.3779
0.417	0.3862
0.418	0.3988
0.419	0.3911
0.42	0.3885
0.421	0.3948
0.422	0.3946
0.423	0.3949
0.424	0.4004
0.425	0.401
0.426	0.4049
0.427	0.4102
0.428	0.4029
0.429	0.4061
0.43	0.4089
0.431	0.4138
0.432	0.4131
0.433	0.4151
0.434	0.4168
0.435	0.4237
0.436	0.419
0.437	0.4259
0.438	0.4233
0.439	0.4286
0.44	0.4325
0.441	0.4339
0.442	0.4329
0.443	0.4364
0.444	0.4402
0.445	0.4369
0.446	0.4423
0.447	0.4371
0.448	0.4485
0.449	0.4499
0.45	0.4542
0.451	0.4567
0.452	0.4571
0.453	0.4577
0.454	0.4597
0.455	0.4627
0.456	0.4685
0.457	0.4665
0.458	0.46
0.459	0.4764
0.46	0.4689
0.461	0.4737
0.462	0.4728
0.463	0.4784
0.464	0.4771
0.465	0.4806
0.466	0.4816
0.467	0.4852
0.468	0.4949
0.469	0.4855
0.47	0.4966
0.471	0.4987
0.472	0.4914
0.473	0.4996
0.474	0.5038
0.475	0.5037
0.476	0.5103
0.477	0.5096
0.478	0.5127
0.479	0.51
0.48	0.5211
0.481	0.5184
0.482	0.5227
0.483	0.5231
0.484	0.5293
0.485	0.5319
0.486	0.5318
0.487	0.5361
0.488	0.5406
0.489	0.5428
0.49	0.5427
0.491	0.544
0.492	0.5436
0.493	0.5509
0.493	0.5533
0.494	0.5519
0.496	0.5595
0.496	0.5626
0.497	0.5634
0.498	0.5657
0.499	0.5681
0.5	0.5715
0.501	0.5802
0.502	0.5812
0.503	0.5806
0.504	0.58
0.505	0.5863
0.506	0.5918
0.507	0.593
0.508	0.5943
0.509	0.5978
0.51	0.6025
0.511	0.6017
0.512	0.6053
0.513	0.6085
0.514	0.6109
0.515	0.6166
0.516	0.6229
0.517	0.6195
0.518	0.6205
0.519	0.6232
0.52	0.6314
0.521	0.6315
0.522	0.6356
0.523	0.6389
0.524	0.6465
0.525	0.6474
0.526	0.647
0.527	0.6561
0.528	0.6588
0.529	0.6599
0.53	0.6644
0.531	0.6702
0.532	0.6687
0.533	0.6739
0.534	0.6738
0.535	0.682
0.536	0.6858
0.537	0.6818
0.538	0.6887
0.539	0.6933
0.54	0.701
0.541	0.6979
0.542	0.7037
0.543	0.7056
0.544	0.7087
0.545	0.7129
0.546	0.7226
0.547	0.7128
0.548	0.7226
0.549	0.7292
0.55	0.7317
0.551	0.7366
0.552	0.7326
0.553	0.7424
0.554	0.7455
0.555	0.7437
0.556	0.7544
0.557	0.7596
0.558	0.7606
0.559	0.766
0.56	0.7697
0.561	0.7691
0.562	0.7784
0.563	0.7809
0.564	0.7846
0.565	0.788
0.566	0.7933
0.567	0.7931
0.568	0.8045
0.569	0.8083
0.57	0.8122
0.571	0.8125
0.572	0.8225
0.573	0.818
0.574	0.8243
0.575	0.8268
0.576	0.834
0.577	0.8399
0.578	0.8426
0.579	0.845
0.58	0.8509
0.581	0.8582
0.582	0.8642
0.583	0.8637
0.584	0.8679
0.585	0.8711
0.586	0.8761
0.587	0.8868
0.588	0.8826
0.589	0.8921
0.59	0.8953
0.591	0.9038
0.592	0.9066
0.593	0.9097
0.594	0.9177
0.595	0.9175
0.596	0.9193
0.597	0.9236
0.598	0.9297
0.599	0.9395
0.6	0.9405
0.601	0.949
0.602	0.95
0.603	0.9537
0.604	0.9649
0.605	0.9677
0.606	0.9735
0.607	0.9686
0.608	0.9803
0.609	0.9879
0.61	0.9958
0.611	0.9996
0.612	1.007
0.613	1.007
0.614	1.016
0.614	1.015
0.616	1.022
0.617	1.028
0.617	1.036
0.618	1.046
0.619	1.047
0.62	1.05
0.621	1.062
0.622	1.06
0.623	1.069
0.624	1.073
0.625	1.078
0.626	1.084
0.627	1.088
0.628	1.098
0.629	1.109
0.63	1.107
0.631	1.119
0.632	1.122
0.633	1.129
0.634	1.133
0.635	1.133
0.636	1.14
0.637	1.149
0.638	1.157
0.639	1.159
0.64	1.169
0.641	1.173
0.642	1.183
0.643	1.189
0.644	1.194
0.645	1.196
0.646	1.206
0.647	1.211
0.648	1.218
0.649	1.227
0.65	1.238
0.651	1.247
0.652	1.25
0.653	1.257
0.654	1.261
0.655	1.266
0.656	1.275
0.657	1.282
0.658	1.288
0.659	1.299
0.66	1.303
0.661	1.314
0.662	1.312
0.663	1.327
0.664	1.33
0.665	1.339
0.666	1.348
0.667	1.353
0.668	1.362
0.669	1.373
0.67	1.373
0.671	1.382
0.672	1.389
0.673	1.399
0.674	1.412
0.675	1.417
0.676	1.425
0.677	1.43
0.678	1.436
0.679	1.45
0.68	1.456
0.681	1.466
0.682	1.474
0.683	1.481
0.684	1.486
0.685	1.503
0.686	1.508
0.687	1.52
0.688	1.525
0.689	1.532
0.69	1.542
0.691	1.548
0.692	1.56
0.693	1.569
0.694	1.582
0.695	1.585
0.696	1.6
0.697	1.604
0.698	1.615
0.699	1.623
0.7	1.635
0.701	1.647
0.702	1.651
0.703	1.664
0.704	1.674
0.705	1.69
0.706	1.693
0.707	1.701
0.708	1.718
0.709	1.723
0.71	1.73
0.711	1.741
0.712	1.756
0.713	1.77
0.714	1.775
0.715	1.788
0.716	1.8
0.717	1.809
0.718	1.818
0.719	1.833
0.72	1.837
0.721	1.853
0.722	1.859
0.723	1.877
0.724	1.887
0.725	1.9
0.726	1.908
0.727	1.923
0.728	1.935
0.729	1.943
0.73	1.955
0.731	1.97
0.732	1.982
0.733	1.997
0.734	2.007
0.734	2.02
0.736	2.033
0.737	2.047
0.737	2.06
0.738	2.07
0.739	2.088
0.741	2.1
0.741	2.112
0.742	2.128
0.743	2.142
0.744	2.155
0.745	2.167
0.746	2.177
0.747	2.194
0.748	2.204
0.749	2.22
0.75	2.239
0.751	2.249
0.752	2.264
0.753	2.28
0.754	2.294
0.755	2.309
0.756	2.323
0.757	2.343
0.758	2.359
0.759	2.373
0.76	2.387
0.761	2.395
0.762	2.412
0.763	2.434
0.764	2.451
0.765	2.469
0.766	2.494
0.767	2.501
0.768	2.522
0.769	2.535
0.77	2.554
0.771	2.571
0.772	2.583
0.773	2.602
0.774	2.622
0.775	2.639
0.776	2.656
0.777	2.674
0.778	2.7
0.779	2.712
0.78	2.727
0.781	2.752
0.782	2.771
0.783	2.795
0.784	2.808
0.785	2.83
0.786	2.848
0.787	2.871
0.788	2.892
0.789	2.912
0.79	2.933
0.791	2.955
0.792	2.973
0.793	2.99
0.794	3.015
0.795	3.034
0.796	3.065
0.797	3.08
0.798	3.106
0.799	3.125
0.8	3.152
0.801	3.17
0.802	3.197
0.803	3.224
0.804	3.242
0.805	3.269
0.806	3.286
0.807	3.315
0.808	3.337
0.809	3.364
0.81	3.39
0.811	3.417
0.812	3.437
0.813	3.464
0.814	3.493
0.815	3.522
0.816	3.544
0.817	3.573
0.818	3.6
0.819	3.629
0.82	3.658
0.821	3.684
0.822	3.714
0.823	3.746
0.824	3.771
0.825	3.801
0.826	3.834
0.827	3.861
0.828	3.894
0.829	3.925
0.83	3.954
0.831	3.985
0.832	4.014
0.833	4.043
0.834	4.076
0.835	4.109
0.836	4.139
0.837	4.172
0.838	4.21
0.839	4.244
0.84	4.279
0.841	4.315
0.842	4.35
0.843	4.385
0.844	4.422
0.845	4.458
0.846	4.494
0.847	4.527
0.848	4.571
0.849	4.604
0.85	4.648
0.851	4.683
0.852	4.727
0.853	4.762
0.854	4.807
0.855	4.843
0.856	4.89
0.857	4.932
0.858	4.969
0.858	5.012
0.859	5.062
0.861	5.095
0.861	5.138
0.862	5.175
0.863	5.222
0.864	5.271
0.865	5.311
0.866	5.355
0.867	5.397
0.868	5.44
0.869	5.491
0.87	5.536
0.871	5.58
0.872	5.626
0.873	5.667
0.874	5.714
0.875	5.757
0.876	5.788
0.877	5.833
0.878	5.868
0.879	5.907
0.88	5.942
0.881	6.15
0.882	6.217
0.883	6.276
0.884	6.335
0.885	6.396
0.886	6.452
0.887	6.509
0.888	6.562
0.889	6.64
0.89	6.689
0.891	6.761
0.892	6.827
0.893	6.899
0.894	6.961
0.895	7.026
0.896	7.101
0.897	7.17
0.898	7.241
0.899	7.314
0.9	7.389
0.901	7.468
0.902	7.537
0.903	7.616
0.904	7.694
0.905	7.771
0.906	7.853
0.907	7.93
0.908	8.013
0.909	8.095
0.91	8.179
0.911	8.274
0.912	8.357
0.913	8.451
0.914	8.54
0.915	8.625
0.916	8.726
0.917	8.808
0.918	8.901
0.919	8.997
0.92	9.094
0.921	9.203
0.922	9.309
0.923	9.407
0.924	9.509
0.925	9.617
0.926	9.726
0.927	9.83
0.928	9.957
0.929	10.06
0.93	10.17
0.931	10.3
0.932	10.42
0.933	10.55
0.934	10.67
0.935	10.79
0.936	10.92
0.937	11.06
0.938	11.2
0.939	11.32
0.94	11.46
0.941	11.61
0.942	11.75
0.943	11.91
0.944	12.05
0.945	12.18
0.946	12.34
0.947	12.49
0.948	12.66
0.949	12.82
0.95	12.98
0.951	13.16
0.952	13.33
0.953	13.51
0.954	13.69
0.955	13.87
0.956	14.05
0.957	14.26
0.958	14.45
0.959	14.66
0.96	14.86
0.961	15.07
0.962	15.29
0.963	15.52
0.964	15.72
0.965	15.96
0.966	16.18
0.967	16.43
0.968	16.67
0.969	16.92
0.97	17.19
0.971	17.45
0.972	17.71
0.973	17.97
0.974	18.25
0.975	18.55
0.976	18.84
0.977	19.14
0.978	19.46
0.978	19.76
0.979	20.12
0.981	20.43
0.982	20.79
0.982	21.14
0.983	21.51
0.984	21.88
0.985	22.25
0.986	22.65
0.987	23.07
0.988	23.47
0.989	23.91
0.99	24.35
0.991	24.82
0.992	25.27
0.993	25.76
0.994	26.26
0.995	26.78
0.996	27.31
0.997	27.85
0.998	28.41
0.999	29.02
1	29.61
1.001	30.2
1.002	30.84
1.003	31.5
1.004	32.19
1.005	32.89
1.006	33.64
1.007	34.38
1.008	35.19
1.009	35.99
1.01	36.84
1.011	37.74
1.012	38.64
1.013	39.58
1.014	40.57
1.015	41.58
1.016	42.7
1.017	43.75
1.018	44.92
1.019	46.11
1.02	47.38
1.021	48.69
1.022	50.03
1.023	51.43
1.024	52.92
1.025	54.42
1.026	56.06
1.027	57.71
1.028	59.47
1.029	61.28
1.03	63.15
1.031	65.18
1.032	67.24
1.033	69.47
1.034	71.74
1.035	74.16
1.036	76.69
1.037	79.39
1.038	82.14
1.039	85.08
1.04	88.16
1.041	91.45
1.042	94.82
1.043	98.41
1.044	102.1
1.045	106.2
1.046	110.3
1.047	114.7
1.048	119.3
1.049	124.2
1.05	129.3
1.051	134.8
1.052	140.4
1.053	146.6
1.054	152.8
1.055	159.5
1.056	166.5
1.057	173.9
1.058	181.5
1.059	189.5
1.06	198.1
1.061	207.1
1.062	216.5
1.063	226.3
1.064	236.6
1.065	247.4
1.066	258.7
1.067	270.3
1.068	282.6
1.069	295.2
1.07	308.5
1.071	322
1.072	336
1.073	350.5
1.074	365.6
1.075	380.7
1.076	396.2
1.077	412
1.078	428.3
1.079	444.6
1.08	461.3
1.081	477.5
1.082	494.2
1.083	510.5
1.084	526.9
1.085	543.2
1.086	558.2
1.087	574
1.088	588.9
1.089	603.9
1.09	619
1.091	632.6
1.092	645.7
1.093	658.3
1.094	670.4
1.095	682.5
1.096	692.7
1.097	703.1
1.098	712.7
1.099	722.1
1.099	730.7
1.101	738.3
1.102	745.5
1.102	752.5
1.103	758.7
1.104	765
1.105	770.5
1.106	775.9
1.107	780.8
1.108	786
1.109	790.8
1.11	795.7
1.111	799.7
1.112	804.1
1.113	808.3
1.114	811.7
1.115	816.3
1.116	820.1
1.117	824.5
1.118	829
1.119	833.7
1.12	837.8
1.121	842.4
1.122	846.6
1.123	851.7
1.124	855.9
1.125	860.6
1.126	865.4
1.127	870.4
1.128	875.2
1.129	880.2
1.13	884.9
1.131	890.5
1.132	894.9
1.133	900.1
1.134	904.9
1.135	910.2
1.136	915.4
1.137	920.5
1.138	925.6
1.139	931
1.14	935.4
1.141	940.7
1.142	944.7
1.143	949.7
1.144	955
1.145	959.5
1.146	964.9
1.147	969.8
1.148	975.2
1.149	979.9
1.15	984.8
1.151	989.7
1.152	995.1
1.153	999.8
1.154	1004
1.155	1009
1.156	1014
1.157	1019
1.158	1024
1.159	1029
1.16	1034
1.161	1038
1.162	1043
1.163	1048
1.164	1052
1.165	1057
1.166	1061
1.167	1066
1.168	1071
1.169	1075
1.17	1078
1.171	1082
1.172	1087
1.173	1092
1.174	1095
1.175	1100
1.176	1104
1.177	1108
1.178	1112
1.179	1116
1.18	1119
1.181	1124
1.182	1127
1.183	1131
1.184	1134
1.185	1138
1.186	1141
1.187	1145
1.188	1149
1.189	1152
1.19	1155
1.191	1158
1.192	1161
1.193	1165
1.194	1167
1.195	1171
1.196	1173
1.197	1177
1.198	1179
1.199	1181
1.2	1183
1.201	1186
1.202	1189
1.203	1191
1.204	1193
1.205	1196
1.206	1198
1.207	1200
1.208	1203
1.209	1204
1.21	1207
1.211	1208
1.212	1210
1.213	1212
1.214	1214
1.215	1216
1.216	1217
1.217	1219
1.218	1221
1.219	1221
1.219	1223
1.221	1224
1.222	1226
1.222	1226
1.223	1228
1.224	1229
1.226	1230
1.226	1230
1.227	1231
1.228	1232
1.229	1232
1.23	1234
1.231	1234
1.232	1234
1.233	1235
1.234	1236
1.235	1236
1.236	1237
1.237	1237
1.238	1237
1.239	1237
1.24	1238
1.241	1238
1.242	1238
1.243	1237
1.244	1238
1.245	1237
1.246	1237
1.247	1237
1.248	1237
1.249	1236
1.25	1236
1.251	1236
1.252	1235
1.253	1235
1.254	1235
1.255	1233
1.256	1233
1.257	1232
1.258	1231
1.259	1230
1.26	1229
1.261	1229
1.262	1227
1.263	1227
1.264	1225
1.265	1225
1.266	1224
1.267	1222
1.268	1221
1.269	1220
1.27	1218
1.271	1217
1.272	1216
1.273	1215
1.274	1213
1.275	1212
1.276	1210
1.277	1209
1.278	1207
1.279	1205
1.28	1204
1.281	1202
1.282	1200
1.283	1198
1.284	1196
1.285	1194
1.286	1193
1.287	1191
1.288	1189
1.289	1187
1.29	1185
1.291	1183
1.292	1181
1.293	1179
1.294	1177
1.295	1175
1.296	1173
1.297	1170
1.298	1168
1.299	1165
1.3	1163
1.301	1161
1.302	1158
1.303	1156
1.304	1154
1.305	1151
1.306	1149
1.307	1146
1.308	1144
1.309	1141
1.31	1138
1.311	1135
1.312	1132
1.313	1130
1.314	1127
1.315	1125
1.316	1122
1.317	1120
1.318	1116
1.319	1114
1.32	1111
1.321	1108
1.322	1105
1.323	1103
1.324	1100
1.325	1098
1.326	1094
1.327	1091
1.328	1088
1.329	1085
1.33	1082
1.331	1079
1.332	1076
1.333	1074
1.334	1070
1.335	1068
1.336	1064
1.337	1061
1.338	1058
1.339	1055
1.34	1051
1.341	1048
1.342	1045
1.343	1042
1.343	1039
1.344	1036
1.346	1033
1.346	1030
1.347	1027
1.348	1024
1.349	1020
1.35	1017
1.351	1014
1.352	1011
1.353	1008
1.354	1004
1.355	1001
1.356	997.9
1.357	994.6
1.358	991.2
1.359	988
1.36	984.6
1.361	981.8
1.362	978.2
1.363	975
1.364	971.7
1.365	968.5
1.366	965.2
1.367	961.2
1.368	958.3
1.369	955
1.37	951.9
1.371	948.7
1.372	945.5
1.373	942.3
1.374	939.2
1.375	935.5
1.376	932.4
1.377	929.1
1.378	926
1.379	922.5
1.38	919.3
1.381	916.1
1.382	913.1
1.383	909.7
1.384	906.4
1.385	903.1
1.386	900
1.387	896.7
1.388	893.6
1.389	890.1
1.39	887.1
1.391	883.7
1.392	880.7
1.393	877.7
1.394	874.3
1.395	870.9
1.396	867.2
1.397	864.3
1.398	861.4
1.399	858.1
1.4	854.9
1.401	851.9
1.402	848.8
1.403	846.2
1.404	842.6
1.405	839.6
1.406	836.5
1.407	833.5
1.408	830.5
1.409	827.3
1.41	824.2
1.411	821.4
1.412	818.2
1.413	815.4
1.414	812.1
1.415	809.1
1.416	806
1.417	803.1
1.418	800.1
1.419	797.3
1.42	794.2
1.421	791.2
1.422	788.4
1.423	785.7
1.424	782.3
1.425	779.3
1.426	776.5
1.427	773.7
1.428	771.1
1.429	768.2
1.43	765.5
1.431	762.6
1.432	760.2
1.433	757.2
1.434	754.4
1.435	751.7
1.436	748.9
1.437	746.2
1.438	743.5
1.439	740.7
1.44	738.4
1.441	735.4
1.442	732.9
1.443	730.2
1.444	727.6
1.445	725
1.446	722.3
1.447	719.9
1.448	717.4
1.449	714.6
1.45	712.3
1.451	709.7
1.452	707.4
1.453	704.4
1.454	701.7
1.455	699.5
1.456	697.1
1.457	694.8
1.458	692.3
1.459	690
1.46	687.7
1.461	685.6
1.462	683.1
1.463	680.8
1.463	678.4
1.464	676.3
1.466	674
1.467	671.9
1.467	669.5
1.468	667.5
1.469	665.2
1.47	663.2
1.471	661.2
1.472	658.9
1.473	656.6
1.474	654.6
1.475	652.5
1.476	650.9
1.477	648.3
1.478	646.4
1.479	644.5
1.48	642.1
1.481	640.7
1.482	638.4
1.483	636.6
1.484	634.7
1.485	633
1.486	631.3
1.487	629.4
1.488	627.5
1.489	626
1.49	624.1
1.491	622.6
1.492	620.8
1.493	619.1
1.494	617.3
1.495	615.8
1.496	614.1
1.497	612.7
1.498	610.9
1.499	609.4
1.5	607.9
1.501	606.7
1.502	605
1.503	603.6
1.504	602.1
1.505	600.9
1.506	599.5
1.507	598.2
1.508	596.6
1.509	595.3
1.51	594.5
1.511	593.2
1.512	592.1
1.513	591.1
1.514	590
1.515	588.9
1.516	587.8
1.517	586.8
1.518	586.2
1.519	585.1
1.52	584.3
1.521	583.4
1.522	582.7
1.523	581.9
1.524	581.1
1.525	580.5
1.526	580
1.527	579.1
1.528	578.8
1.529	578.2
1.53	578
1.531	577.4
1.532	577
1.533	576.6
1.534	576.5
1.535	576.1
1.536	575.9
1.537	575.4
1.538	575.3
1.539	575.7
1.54	575.6
1.541	575.7
1.542	575.8
1.543	576.1
1.544	576.4
1.545	577
1.546	577.1
1.547	577.9
1.548	578.2
1.549	579
1.55	579.8
1.551	580.5
1.552	581.2
1.553	582.1
1.554	583.1
1.555	584.5
1.556	585.2
1.557	586.5
1.558	587.9
1.559	589.5
1.56	591.1
1.561	592.5
1.562	594
1.563	596
1.564	597.8
1.565	599.5
1.566	601.5
1.567	603.6
1.568	606.2
1.569	608.5
1.57	611.3
1.571	613.8
1.572	616.6
1.573	619.3
1.574	622.3
1.575	625.4
1.576	628.9
1.577	632.1
1.578	635.7
1.579	639.4
1.58	643.4
1.581	647.1
1.582	651.3
1.583	655.3
1.584	660.1
1.584	664.5
1.586	669.2
1.587	674.3
1.587	679.5
1.588	684.8
1.589	690.3
1.59	695.8
1.591	702.1
1.592	707.6
1.593	713.3
1.594	719.6
1.595	726.2
1.596	733.6
1.597	740.3
1.598	747.8
1.599	755.2
1.6	763.1
1.601	771.1
1.602	779.3
1.603	787.8
1.604	796.7
1.605	805.2
1.606	814.8
1.607	824.3
1.608	834.5
1.609	844.3
1.61	854.7
1.611	865.2
1.612	876.5
1.613	887.5
1.614	898.8
1.615	910.7
1.616	923.2
1.617	935.7
1.618	948.9
1.619	961.6
1.62	975.4
1.621	988.1
1.622	1002
1.623	1017
1.624	1032
1.625	1048
1.626	1063
1.627	1080
1.628	1097
1.629	1113
1.63	1130
1.631	1148
1.632	1166
1.633	1186
1.634	1204
1.635	1224
1.636	1244
1.637	1265
1.638	1286
1.639	1307
1.64	1329
1.641	1352
1.642	1374
1.643	1398
1.644	1421
1.645	1446
1.646	1471
1.647	1497
1.648	1523
1.649	1547
1.65	1574
1.651	1601
1.652	1629
1.653	1657
1.654	1687
1.655	1716
1.656	1746
1.657	1777
1.658	1809
1.659	1840
1.66	1873
1.661	1905
1.662	1940
1.663	1973
1.664	2008
1.665	2043
1.666	2079
1.667	2116
1.668	2153
1.669	2190
1.67	2229
1.671	2266
1.672	2306
1.673	2345
1.674	2386
1.675	2427
1.676	2468
1.677	2510
1.678	2550
1.679	2593
1.68	2637
1.681	2681
1.682	2725
1.683	2771
1.684	2815
1.685	2862
1.686	2909
1.687	2958
1.688	3004
1.689	3052
1.69	3100
1.691	3150
1.692	3199
1.693	3249
1.694	3298
1.695	3351
1.696	3401
1.697	3455
1.698	3505
1.699	3559
1.7	3611
1.701	3665
1.702	3720
1.703	3774
1.704	3828
1.704	3883
1.706	3936
1.707	3994
1.707	4049
1.708	4104
1.709	4161
1.711	4219
1.711	4280
1.712	4335
1.713	4393
1.714	4452
1.715	4513
1.716	4574
1.717	4632
1.718	4692
1.719	4754
1.72	4814
1.721	4876
1.722	4937
1.723	5000
1.724	5061
1.725	5125
1.726	5189
1.727	5253
1.728	5314
1.729	5377
1.73	5441
1.731	5506
1.732	5570
1.733	5635
1.734	5694
1.735	5759
1.736	5827
1.737	5891
1.738	5957
1.739	6038
1.74	6107
1.741	6172
1.742	6239
1.743	6308
1.744	6376
1.745	6444
1.746	6512
1.747	6579
1.748	6651
1.749	6716
1.75	6787
1.751	6855
1.752	6925
1.753	6995
1.754	7065
1.755	7135
1.756	7208
1.757	7275
1.758	7347
1.759	7417
1.76	7489
1.761	7559
1.762	7624
1.763	7698
1.764	7769
1.765	7845
1.766	7914
1.767	7985
1.768	8058
1.769	8134
1.77	8205
1.771	8277
1.772	8350
1.773	8426
1.774	8500
1.775	8576
1.776	8647
1.777	8723
1.778	8796
1.779	8870
1.78	8946
1.781	9019
1.782	9093
1.783	9168
1.784	9243
1.785	9324
1.786	9393
1.787	9468
1.788	9543
1.789	9620
1.79	9696
1.791	9764
1.792	9840
1.793	9918
1.794	9997
1.795	10070
1.796	10150
1.797	10230
1.798	10310
1.799	10380
1.8	10460
1.799	10380
1.798	10310
1.797	10230
1.796	10150
1.795	10080
1.794	9999
1.793	9920
1.792	9843
1.791	9765
1.79	9696
1.789	9618
1.788	9539
1.787	9463
1.786	9387
1.785	9316
1.784	9235
1.783	9158
1.782	9083
1.781	9008
1.78	8935
1.779	8858
1.778	8782
1.777	8710
1.776	8633
1.775	8562
1.774	8485
1.773	8412
1.772	8336
1.771	8262
1.77	8190
1.769	8118
1.768	8043
1.767	7969
1.766	7898
1.765	7827
1.764	7753
1.763	7681
1.762	7606
1.761	7540
1.76	7472
1.759	7399
1.758	7328
1.757	7255
1.756	7188
1.755	7116
1.754	7047
1.753	6977
1.752	6906
1.751	6836
1.75	6767
1.749	6697
1.748	6632
1.747	6560
1.746	6492
1.745	6425
1.744	6356
1.743	6288
1.742	6220
1.741	6152
1.74	6088
1.739	6018
1.738	5954
1.737	5887
1.736	5823
1.735	5755
1.734	5690
1.733	5631
1.732	5565
1.731	5502
1.73	5437
1.729	5372
1.728	5309
1.727	5249
1.726	5185
1.725	5121
1.724	5057
1.723	4995
1.722	4933
1.721	4872
1.72	4809
1.719	4750
1.718	4688
1.717	4628
1.716	4569
1.715	4509
1.714	4449
1.713	4390
1.712	4330
1.711	4277
1.711	4215
1.709	4158
1.708	4101
1.707	4046
1.707	3991
1.706	3934
1.704	3882
1.704	3826
1.703	3773
1.702	3720
1.701	3665
1.7	3611
1.699	3559
1.698	3505
1.697	3456
1.696	3403
1.695	3352
1.694	3300
1.693	3250
1.692	3202
1.691	3154
1.69	3104
1.689	3055
1.688	3008
1.687	2962
1.686	2913
1.685	2869
1.684	2821
1.683	2776
1.682	2733
1.681	2686
1.68	2645
1.679	2600
1.678	2558
1.677	2519
1.676	2477
1.675	2436
1.674	2395
1.673	2356
1.672	2316
1.671	2278
1.67	2241
1.669	2202
1.668	2165
1.667	2128
1.666	2092
1.665	2056
1.664	2021
1.663	1987
1.662	1953
1.661	1920
1.66	1887
1.659	1856
1.658	1824
1.657	1793
1.656	1762
1.655	1733
1.654	1704
1.653	1674
1.652	1646
1.651	1619
1.65	1592
1.649	1566
1.648	1541
1.647	1516
1.646	1491
1.645	1466
1.644	1442
1.643	1419
1.642	1395
1.641	1374
1.64	1351
1.639	1330
1.638	1310
1.637	1289
1.636	1269
1.635	1249
1.634	1230
1.633	1213
1.632	1194
1.631	1176
1.63	1156
1.629	1139
1.628	1124
1.627	1107
1.626	1092
1.625	1077
1.624	1062
1.623	1049
1.622	1035
1.621	1022
1.62	1010
1.619	997.6
1.618	985.7
1.617	973.6
1.616	962
1.615	950.7
1.614	940.1
1.613	929.9
1.612	920.1
1.611	909.7
1.61	900.3
1.609	891.4
1.608	883.1
1.607	874.1
1.606	865.7
1.605	857.2
1.604	849.9
1.603	842.3
1.602	834.8
1.601	828
1.6	821.2
1.599	814.8
1.598	808.6
1.597	802.3
1.596	797
1.595	790.8
1.594	785.6
1.593	780.5
1.592	776.2
1.591	771.9
1.59	766.8
1.589	762.5
1.588	758.1
1.587	754
1.587	750.1
1.586	746.3
1.584	742.6
1.584	739.5
1.583	735.8
1.582	733
1.581	729.9
1.58	727.3
1.579	724.4
1.578	721.8
1.577	719.3
1.576	717.2
1.575	714.9
1.574	712.8
1.573	710.8
1.572	709
1.571	707.2
1.57	705.7
1.569	703.9
1.568	702.6
1.567	700.9
1.566	699.6
1.565	698.5
1.564	697.7
1.563	696.7
1.562	695.5
1.561	694.7
1.56	694
1.559	693
1.558	692.2
1.557	691.4
1.556	690.9
1.555	690.9
1.554	689.9
1.553	689.6
1.552	689.2
1.551	689
1.55	688.9
1.549	688.5
1.548	688.2
1.547	688.3
1.546	688
1.545	688.2
1.544	688.1
1.543	688.2
1.542	688.2
1.541	688.6
1.54	688.8
1.539	689
1.538	688.9
1.537	689.6
1.536	690.2
1.535	690.5
1.534	691
1.533	690.9
1.532	691.3
1.531	691.7
1.53	692.3
1.529	692.3
1.528	692.9
1.527	693.1
1.526	693.9
1.525	694.2
1.524	694.8
1.523	695.4
1.522	696
1.521	696.5
1.52	697.1
1.519	697.5
1.518	698.5
1.517	698.8
1.516	699.5
1.515	700.2
1.514	700.8
1.513	701.5
1.512	702.2
1.511	702.9
1.51	703.7
1.509	704.1
1.508	704.9
1.507	706
1.506	706.6
1.505	707.5
1.504	707.8
1.503	708.7
1.502	709.4
1.501	710.2
1.5	710.8
1.499	711.5
1.498	712.2
1.497	713.2
1.496	713.8
1.495	714.6
1.494	715.3
1.493	716.2
1.492	717
1.491	718
1.49	718.5
1.489	719.4
1.488	719.9
1.487	720.8
1.486	721.7
1.485	722.5
1.484	723.2
1.483	724.2
1.482	724.9
1.481	726.2
1.48	726.6
1.479	727.8
1.478	728.7
1.477	729.4
1.476	730.6
1.475	730.9
1.474	731.8
1.473	732.6
1.472	733.7
1.471	734.6
1.47	735.3
1.469	736
1.468	737.1
1.467	737.7
1.467	738.9
1.466	739.6
1.464	740.7
1.463	741.5
1.463	742.4
1.462	743.4
1.461	744.4
1.46	745.1
1.459	746
1.458	747
1.457	748.1
1.456	748.9
1.455	749.9
1.454	750.8
1.453	752
1.452	753.3
1.451	754
1.45	754.8
1.449	755.5
1.448	756.6
1.447	757.5
1.446	758.5
1.445	759.5
1.444	760.4
1.443	761.3
1.442	762.4
1.441	763.2
1.44	764.5
1.439	765.2
1.438	766.4
1.437	767.4
1.436	768.4
1.435	769.5
1.434	770.4
1.433	771.5
1.432	772.7
1.431	773.4
1.43	774.6
1.429	775.6
1.428	776.7
1.427	777.7
1.426	778.7
1.425	779.8
1.424	781.1
1.423	782.6
1.422	783.4
1.421	784.3
1.42	785.3
1.419	786.6
1.418	787.3
1.417	788.5
1.416	789.5
1.415	790.8
1.414	791.8
1.413	793
1.412	793.8
1.411	794.9
1.41	795.9
1.409	797.1
1.408	798.3
1.407	799.4
1.406	800.4
1.405	801.6
1.404	802.7
1.403	804.3
1.402	804.9
1.401	806.1
1.4	807.2
1.399	808.5
1.398	809.7
1.397	810.8
1.396	811.8
1.395	813.6
1.394	814.8
1.393	815.9
1.392	816.7
1.391	817.6
1.39	818.9
1.389	819.8
1.388	821.3
1.387	822.2
1.386	823.4
1.385	824.5
1.384	825.7
1.383	826.9
1.382	828.2
1.381	829
1.38	830.2
1.379	831.3
1.378	832.7
1.377	833.8
1.376	834.9
1.375	835.9
1.374	837.4
1.373	838.3
1.372	839.3
1.371	840.4
1.37	841.5
1.369	842.6
1.368	843.7
1.367	844.7
1.366	846.5
1.365	847.5
1.364	848.4
1.363	849.5
1.362	850.2
1.361	851.7
1.36	852.1
1.359	853.3
1.358	854.3
1.357	855.4
1.356	856.4
1.355	857.4
1.354	858.3
1.353	859.5
1.352	860.1
1.351	861.1
1.35	862
1.349	863.2
1.348	863.9
1.347	864.7
1.346	865.7
1.346	866.8
1.344	867.5
1.343	868.3
1.343	869
1.342	870
1.341	870.6
1.34	871.5
1.339	872.7
1.338	873.3
1.337	874.1
1.336	874.6
1.335	875.3
1.334	875.5
1.333	876.3
1.332	876.6
1.331	877.2
1.33	877.8
1.329	878.3
1.328	878.6
1.327	879.2
1.326	879.5
1.325	880.6
1.324	880.3
1.323	880.7
1.322	881.1
1.321	881.6
1.32	882
1.319	882.1
1.318	882.3
1.317	882.7
1.316	882.7
1.315	882.8
1.314	882.9
1.313	882.9
1.312	882.7
1.311	882.8
1.31	882.9
1.309	883.1
1.308	883
1.307	882.7
1.306	882.4
1.305	882.3
1.304	882.1
1.303	881.4
1.302	881
1.301	880.7
1.3	880.5
1.299	879.7
1.298	879.3
1.297	878.5
1.296	878.3
1.295	877.4
1.294	876.6
1.293	876
1.292	875.1
1.291	874.3
1.29	873.4
1.289	872.4
1.288	871.9
1.287	870.4
1.286	869.6
1.285	868.4
1.284	867.3
1.283	866.2
1.282	865.3
1.281	864.2
1.28	862.8
1.279	861.5
1.278	860.1
1.277	858.5
1.276	857.1
1.275	855.7
1.274	853.8
1.273	852.2
1.272	850.5
1.271	848.9
1.27	847
1.269	845.1
1.268	843.3
1.267	841.8
1.266	839.6
1.265	837.5
1.264	835.4
1.263	833.4
1.262	831.2
1.261	829.2
1.26	826.8
1.259	825
1.258	822.6
1.257	820.4
1.256	818
1.255	815.2
1.254	813.4
1.253	810.7
1.252	808.1
1.251	805.5
1.25	802.8
1.249	800
1.248	797.3
1.247	794.5
1.246	792.3
1.245	788.8
1.244	786
1.243	782.9
1.242	779.9
1.241	777.1
1.24	773.7
1.239	770.1
1.238	767.7
1.237	764.7
1.236	761.7
1.235	758.4
1.234	755
1.233	751.6
1.232	748.4
1.231	745.2
1.23	742
1.229	738.2
1.228	734.7
1.227	731.4
1.226	728.1
1.226	725.2
1.224	721.2
1.223	717.6
1.222	714
1.222	710.6
1.221	706.7
1.219	703
1.219	699.2
1.218	695.7
1.217	691.7
1.216	687.9
1.215	684
1.214	680
1.213	676.1
1.212	672.2
1.211	668.2
1.21	664.7
1.209	660.3
1.208	656.4
1.207	652.5
1.206	648.4
1.205	644.4
1.204	640.2
1.203	636.1
1.202	632.3
1.201	627.9
1.2	623.9
1.199	619.8
1.198	616.1
1.197	612.2
1.196	607.6
1.195	603.5
1.194	599.2
1.193	595.1
1.192	590.7
1.191	586.4
1.19	582.1
1.189	578.1
1.188	573.8
1.187	569.5
1.186	565
1.185	560.9
1.184	556.5
1.183	552.3
1.182	547.8
1.181	543.6
1.18	539.1
1.179	534.9
1.178	530.7
1.177	526.3
1.176	521.8
1.175	517.3
1.174	512.9
1.173	509
1.172	504.2
1.171	499.8
1.17	495.6
1.169	491.6
1.168	487.7
1.167	482.9
1.166	478.5
1.165	474.1
1.164	469.8
1.163	465.6
1.162	461.1
1.161	456.7
1.16	452.5
1.159	448
1.158	444
1.157	439.4
1.156	435.1
1.155	430.6
1.154	426.4
1.153	422.2
1.152	418.1
1.151	413.5
1.15	409.3
1.149	405.1
1.148	400.9
1.147	396.6
1.146	392.4
1.145	388
1.144	384
1.143	379.7
1.142	375.5
1.141	371.8
1.14	367.5
1.139	363.7
1.138	359.4
1.137	355.3
1.136	351.2
1.135	347.1
1.134	343
1.133	339
1.132	334.9
1.131	331.1
1.13	326.8
1.129	322.9
1.128	318.9
1.127	315
1.126	311.1
1.125	307.2
1.124	303.2
1.123	299.5
1.122	295.5
1.121	291.8
1.12	288
1.119	284.3
1.118	280.5
1.117	276.7
1.116	273
1.115	269.4
1.114	265.7
1.113	262.3
1.112	258.7
1.111	255.2
1.11	251.7
1.109	248.1
1.108	244.5
1.107	241
1.106	237.6
1.105	234.2
1.104	230.8
1.103	227.4
1.102	224.1
1.102	220.7
1.101	217.5
1.099	214.3
1.099	211
1.098	207.7
1.097	204.5
1.096	201.3
1.095	198.4
1.094	195.1
1.093	192.1
1.092	189
1.091	186
1.09	183.1
1.089	180.1
1.088	177.1
1.087	174.3
1.086	171.4
1.085	168.8
1.084	166
1.083	163.2
1.082	160.5
1.081	157.8
1.08	155.1
1.079	152.4
1.078	149.8
1.077	147.2
1.076	144.6
1.075	142.1
1.074	139.7
1.073	137.2
1.072	134.7
1.071	132.3
1.07	130
1.069	127.7
1.068	125.3
1.067	123
1.066	120.8
1.065	118.6
1.064	116.4
1.063	114.3
1.062	112.1
1.061	110
1.06	107.9
1.059	105.9
1.058	103.9
1.057	102
1.056	100.1
1.055	98.15
1.054	96.23
1.053	94.45
1.052	92.56
1.051	90.8
1.05	89.03
1.049	87.28
1.048	85.58
1.047	83.87
1.046	82.21
1.045	80.61
1.044	78.98
1.043	77.43
1.042	75.9
1.041	74.4
1.04	72.87
1.039	71.4
1.038	69.95
1.037	68.56
1.036	67.14
1.035	65.77
1.034	64.42
1.033	63.14
1.032	61.82
1.031	60.59
1.03	59.31
1.029	58.11
1.028	56.96
1.027	55.78
1.026	54.64
1.025	53.48
1.024	52.41
1.023	51.3
1.022	50.26
1.021	49.22
1.02	48.19
1.019	47.17
1.018	46.18
1.017	45.21
1.016	44.3
1.015	43.34
1.014	42.43
1.013	41.53
1.012	40.68
1.011	39.84
1.01	38.98
1.009	38.15
1.008	37.38
1.007	36.58
1.006	35.85
1.005	35.13
1.004	34.44
1.003	33.82
1.002	33.18
1.001	32.51
1	31.85
0.999	31.14
0.998	30.46
0.997	29.8
0.996	29.15
0.995	28.52
0.994	27.89
0.993	27.28
0.992	26.68
0.991	26.11
0.99	25.54
0.989	24.98
0.988	24.45
0.987	23.94
0.986	23.43
0.985	22.95
0.984	22.48
0.983	22.01
0.982	21.55
0.982	21.11
0.981	20.66
0.979	20.24
0.978	19.81
0.978	19.4
0.977	19
0.976	18.61
0.975	18.22
0.974	17.86
0.973	17.49
0.972	17.15
0.971	16.8
0.97	16.45
0.969	16.11
0.968	15.79
0.967	15.49
0.966	15.16
0.965	14.87
0.964	14.57
0.963	14.27
0.962	13.98
0.961	13.71
0.96	13.43
0.959	13.16
0.958	12.9
0.957	12.64
0.956	12.4
0.955	12.16
0.954	11.91
0.953	11.68
0.952	11.45
0.951	11.22
0.95	10.99
0.949	10.78
0.948	10.58
0.947	10.37
0.946	10.16
0.945	9.978
0.944	9.785
0.943	9.606
0.942	9.411
0.941	9.228
0.94	9.054
0.939	8.876
0.938	8.72
0.937	8.536
0.936	8.38
0.935	8.221
0.934	8.068
0.933	7.92
0.932	7.764
0.931	7.619
0.93	7.475
0.929	7.337
0.928	7.201
0.927	7.067
0.926	6.931
0.925	6.807
0.924	6.682
0.923	6.557
0.922	6.439
0.921	6.307
0.92	6.193
0.919	6.08
0.918	5.983
0.917	5.862
0.916	5.76
0.915	5.658
0.914	5.554
0.913	5.452
0.912	5.352
0.911	5.258
0.91	5.161
0.909	5.077
0.908	4.979
0.907	4.883
0.906	4.799
0.905	4.715
0.904	4.637
0.903	4.546
0.902	4.462
0.901	4.393
0.9	4.307
0.899	4.228
0.898	4.156
0.897	4.079
0.896	4.005
0.895	3.936
0.894	3.864
0.893	3.801
0.892	3.73
0.891	3.667
0.89	3.598
0.889	3.538
0.888	3.474
0.887	3.411
0.886	3.361
0.885	3.299
0.884	3.244
0.883	3.185
0.882	3.129
0.881	3.075
0.88	3.019
0.879	2.963
0.878	2.916
0.877	2.861
0.876	2.823
0.875	2.763
0.874	2.722
0.873	2.66
0.872	2.623
0.871	2.572
0.87	2.534
0.869	2.483
0.868	2.447
0.867	2.391
0.866	2.362
0.865	2.313
0.864	2.282
0.863	2.23
0.862	2.192
0.861	2.154
0.861	2.113
0.859	2.087
0.858	2.05
0.858	2.008
0.857	1.971
0.856	1.946
0.855	1.9
0.854	1.871
0.853	1.832
0.852	1.798
0.851	1.766
0.85	1.748
0.849	1.696
0.848	1.676
0.847	1.637
0.846	1.611
0.845	1.577
0.844	1.552
0.843	1.52
0.842	1.492
0.841	1.462
0.84	1.436
0.839	1.413
0.838	1.378
0.837	1.356
0.836	1.335
0.835	1.305
0.834	1.282
0.833	1.258
0.832	1.224
0.831	1.217
0.83	1.181
0.829	1.16
0.828	1.14
0.827	1.123
0.826	1.092
0.825	1.066
0.824	1.046
0.823	1.028
0.822	1
0.821	0.9792
0.82	0.9587
0.819	0.9404
0.818	0.915
0.817	0.9001
0.816	0.8766
0.815	0.8674
0.814	0.8358
0.813	0.8224
0.812	0.8001
0.811	0.7819
0.81	0.7578
0.809	0.7432
0.808	0.723
0.807	0.7101
0.806	0.6924
0.805	0.6664
0.804	0.6563
0.803	0.6456
0.802	0.6228
0.801	0.6068
0.8	0.5968
0.799	0.5743
0.798	0.5575
0.797	0.536
0.796	0.5293
0.795	0.5063
0.794	0.4961
0.793	0.4734
0.792	0.4624
0.791	0.4505
0.79	0.4367
0.789	0.4183
0.788	0.4061
0.787	0.3859
0.786	0.3811
0.785	0.3584
0.784	0.3434
0.783	0.3276
0.782	0.3176
0.781	0.3046
0.78	0.2883
0.779	0.2743
0.778	0.2581
0.777	0.2461
0.776	0.2286
0.775	0.2179
0.774	0.2144
0.773	0.1925
0.772	0.1779
0.771	0.1689
0.77	0.1586
0.769	0.146
0.768	0.131
0.767	0.1204
0.766	0.1062
0.765	0.09091
0.764	0.07536
0.763	0.06397
0.762	0.05896
0.761	0.04532
0.76	0.02859
0.759	0.02077
0.758	0.008798
0.757	-0.002789
0.756	-0.01409
0.755	-0.02873
0.754	-0.03455
0.753	-0.05414
0.752	-0.05786
0.751	-0.07885
0.75	-0.09153
0.749	-0.08867
0.748	-0.1114
0.747	-0.1171
0.746	-0.1277
0.745	-0.1374
0.744	-0.1479
0.743	-0.1698
0.742	-0.1729
0.741	-0.1794
0.741	-0.1941
0.739	-0.2037
0.738	-0.2167
0.737	-0.2257
0.737	-0.2291
0.736	-0.2484
0.734	-0.2589
0.734	-0.2697
0.733	-0.2837
0.732	-0.2912
0.731	-0.3036
0.73	-0.3064
0.729	-0.316
0.728	-0.3306
0.727	-0.3446
0.726	-0.3545
0.725	-0.3632
0.724	-0.3734
0.723	-0.3771
0.722	-0.3918
0.721	-0.4016
0.72	-0.4154
0.719	-0.4185
0.718	-0.4249
0.717	-0.4398
0.716	-0.4523
0.715	-0.4585
0.714	-0.4682
0.713	-0.473
0.712	-0.4841
0.711	-0.4987
0.71	-0.5058
0.709	-0.5186
0.708	-0.5198
0.707	-0.5345
0.706	-0.5498
0.705	-0.5534
0.704	-0.5632
0.703	-0.5717
0.702	-0.5744
0.701	-0.5905
0.7	-0.5973
0.699	-0.6039
0.698	-0.6154
0.697	-0.6288
0.696	-0.6325
0.695	-0.6459
0.694	-0.6582
0.693	-0.6652
0.692	-0.672
0.691	-0.6784
0.69	-0.6861
0.689	-0.6978
0.688	-0.6973
0.687	-0.708
0.686	-0.7246
0.685	-0.7287
0.684	-0.7311
0.683	-0.7428
0.682	-0.7514
0.681	-0.7596
0.68	-0.7672
0.679	-0.7717
0.678	-0.7834
0.677	-0.7921
0.676	-0.8057
0.675	-0.8097
0.674	-0.821
0.673	-0.8228
0.672	-0.8341
0.671	-0.8323
0.67	-0.8516
0.669	-0.859
0.668	-0.8599
0.667	-0.8712
0.666	-0.8721
0.665	-0.8774
0.664	-0.893
0.663	-0.9011
0.662	-0.8962
0.661	-0.9109
0.66	-0.9162
0.659	-0.9209
0.658	-0.9264
0.657	-0.9356
0.656	-0.9367
0.655	-0.9489
0.654	-0.9558
0.653	-0.9604
0.652	-0.9682
0.651	-0.977
0.65	-0.9865
0.649	-0.9873
0.648	-0.9919
0.647	-0.9997
0.646	-1.005
0.645	-1.011
0.644	-1.02
0.643	-1.025
0.642	-1.03
0.641	-1.039
0.64	-1.034
0.639	-1.045
0.638	-1.047
0.637	-1.053
0.636	-1.058
0.635	-1.06
0.634	-1.067
0.633	-1.07
0.632	-1.078
0.631	-1.076
0.63	-1.086
0.629	-1.082
0.628	-1.095
0.627	-1.101
0.626	-1.106
0.625	-1.111
0.624	-1.115
0.623	-1.118
0.622	-1.123
0.621	-1.124
0.62	-1.132
0.619	-1.135
0.618	-1.143
0.617	-1.137
0.617	-1.149
0.616	-1.145
0.614	-1.156
0.614	-1.157
0.613	-1.158
0.612	-1.163
0.611	-1.166
0.61	-1.163
0.609	-1.171
0.608	-1.168
0.607	-1.178
0.606	-1.177
0.605	-1.181
0.604	-1.184
0.603	-1.182
0.602	-1.189
0.601	-1.187
0.6	-1.193
0.599	-1.2
0.598	-1.205
0.597	-1.199
0.596	-1.208
0.595	-1.204
0.594	-1.206
0.593	-1.212
0.592	-1.216
0.591	-1.218
0.59	-1.22
0.589	-1.22
0.588	-1.22
0.587	-1.224
0.586	-1.224
0.585	-1.229
0.584	-1.224
0.583	-1.229
0.582	-1.228
0.581	-1.23
0.58	-1.237
0.579	-1.24
0.578	-1.236
0.577	-1.238
0.576	-1.234
0.575	-1.234
0.574	-1.237
0.573	-1.239
0.572	-1.242
0.571	-1.247
0.57	-1.25
0.569	-1.247
0.568	-1.251
0.567	-1.255
0.566	-1.252
0.565	-1.248
0.564	-1.25
0.563	-1.256
0.562	-1.258
0.561	-1.257
0.56	-1.257
0.559	-1.259
0.558	-1.261
0.557	-1.264
0.556	-1.263
0.555	-1.265
0.554	-1.264
0.553	-1.264
0.552	-1.262
0.551	-1.263
0.55	-1.262
0.549	-1.264
0.548	-1.267
0.547	-1.267
0.546	-1.267
0.545	-1.269
0.544	-1.267
0.543	-1.268
0.542	-1.275
0.541	-1.269
0.54	-1.276
0.539	-1.276
0.538	-1.28
0.537	-1.279
0.536	-1.281
0.535	-1.282
0.534	-1.283
0.533	-1.284
0.532	-1.291
0.531	-1.278
0.53	-1.287
0.529	-1.285
0.528	-1.287
0.527	-1.293
0.526	-1.291
0.525	-1.284
0.524	-1.302
0.523	-1.291
0.522	-1.3
0.521	-1.294
0.52	-1.293
0.519	-1.301
0.518	-1.302
0.517	-1.301
0.516	-1.301
0.515	-1.307
0.514	-1.312
0.513	-1.311
0.512	-1.309
0.511	-1.317
0.51	-1.311
0.509	-1.317
0.508	-1.321
0.507	-1.318
0.506	-1.325
0.505	-1.33
0.504	-1.325
0.503	-1.328
0.502	-1.332
0.501	-1.331
0.5	-1.34
0.499	-1.34
0.498	-1.344
0.497	-1.345
0.496	-1.348
0.496	-1.352
0.494	-1.351
0.493	-1.36
0.493	-1.357
0.492	-1.359
0.491	-1.363
0.49	-1.367
0.489	-1.368
0.488	-1.369
0.487	-1.38
0.486	-1.381
0.485	-1.394
0.484	-1.388
0.483	-1.395
0.482	-1.396
0.481	-1.4
0.48	-1.408
0.479	-1.411
0.478	-1.414
0.477	-1.418
0.476	-1.425
0.475	-1.435
0.474	-1.436
0.473	-1.439
0.472	-1.444
0.471	-1.451
0.47	-1.455
0.469	-1.461
0.468	-1.471
0.467	-1.473
0.466	-1.481
0.465	-1.486
0.464	-1.489
0.463	-1.499
0.462	-1.507
0.461	-1.511
0.46	-1.516
0.459	-1.52
0.458	-1.531
0.457	-1.535
0.456	-1.544
0.455	-1.552
0.454	-1.554
0.453	-1.562
0.452	-1.571
0.451	-1.58
0.45	-1.586
0.449	-1.597
0.448	-1.604
0.447	-1.608
0.446	-1.618
0.445	-1.634
0.444	-1.64
0.443	-1.645
0.442	-1.66
0.441	-1.669
0.44	-1.672
0.439	-1.692
0.438	-1.697
0.437	-1.705
0.436	-1.708
0.435	-1.725
0.434	-1.729
0.433	-1.748
0.432	-1.755
0.431	-1.769
0.43	-1.768
0.429	-1.782
0.428	-1.795
0.427	-1.807
0.426	-1.821
0.425	-1.836
0.424	-1.846
0.423	-1.86
0.422	-1.872
0.421	-1.889
0.42	-1.889
0.419	-1.908
0.418	-1.922
0.417	-1.936
0.416	-1.947
0.415	-1.968
0.414	-1.976
0.413	-1.99
0.412	-2.004
0.411	-2.019
0.41	-2.037
0.409	-2.048
0.408	-2.053
0.407	-2.075
0.406	-2.086
0.405	-2.107
0.404	-2.121
0.403	-2.132
0.402	-2.161
0.401	-2.172
0.4	-2.192
0.399	-2.201
0.398	-2.221
0.397	-2.242
0.396	-2.253
0.395	-2.273
0.394	-2.292
0.393	-2.316
0.392	-2.333
0.391	-2.353
0.39	-2.366
0.389	-2.381
0.388	-2.407
0.387	-2.428
0.386	-2.454
0.385	-2.468
0.384	-2.494
0.383	-2.508
0.382	-2.527
0.381	-2.555
0.38	-2.57
0.379	-2.591
0.378	-2.61
0.377	-2.63
0.376	-2.658
0.376	-2.676
0.374	-2.706
0.373	-2.725
0.373	-2.749
0.372	-2.774
0.371	-2.795
0.369	-2.82
0.369	-2.849
0.368	-2.871
0.367	-2.897
0.366	-2.924
0.365	-2.945
0.364	-2.974
0.363	-2.997
0.362	-3.026
0.361	-3.049
0.36	-3.08
0.359	-3.101
0.358	-3.126
0.357	-3.157
0.356	-3.186
0.355	-3.209
0.354	-3.251
0.353	-3.275
0.352	-3.297
0.351	-3.322
0.35	-3.349
0.349	-3.382
0.348	-3.409
0.347	-3.438
0.346	-3.474
0.345	-3.505
0.344	-3.533
0.343	-3.565
0.342	-3.596
0.341	-3.627
0.34	-3.659
0.339	-3.693
0.338	-3.724
0.337	-3.753
0.336	-3.787
0.335	-3.819
0.334	-3.852
0.333	-3.888
0.332	-3.922
0.331	-3.95
0.33	-3.987
0.329	-4.021
0.328	-4.053
0.327	-4.087
0.326	-4.12
0.325	-4.167
0.324	-4.192
0.323	-4.227
0.322	-4.254
0.321	-4.29
0.32	-4.334
0.319	-4.372
0.318	-4.402
0.317	-4.432
0.316	-4.475
0.315	-4.511
0.314	-4.548
0.313	-4.577
0.312	-4.62
0.311	-4.669
0.31	-4.698
0.309	-4.733
0.308	-4.774
0.307	-4.805
0.306	-4.84
0.305	-4.88
0.304	-4.922
0.303	-4.963
0.302	-4.994
0.301	-5.023
0.3	-5.059
0.299	-5.1
0.298	-5.138
0.297	-5.16
0.296	-5.206
0.295	-5.235
0.294	-5.275
0.293	-5.31
0.292	-5.349
0.291	-5.38
0.29	-5.424
0.289	-5.459
0.288	-5.498
0.287	-5.512
0.286	-5.541
0.285	-5.586
0.284	-5.607
0.283	-5.642
0.282	-5.664
0.281	-5.696
0.28	-5.733
0.279	-5.736
0.278	-5.766
0.277	-5.789
0.276	-5.807
0.275	-5.834
0.274	-5.858
0.273	-5.874
0.272	-5.892
0.271	-5.892
0.27	-5.937
0.269	-5.952
0.268	-6.377
0.267	-6.41
0.266	-6.46
0.265	-6.498
0.264	-6.55
0.263	-6.585
0.262	-6.617
0.261	-6.661
0.26	-6.702
0.259	-6.742
0.258	-6.787
0.257	-6.819
0.256	-6.866
0.256	-6.906
0.254	-6.965
0.253	-7.002
0.252	-7.032
0.252	-7.072
0.251	-7.122
0.249	-7.169
0.249	-7.199
0.248	-7.224
0.247	-7.286
0.246	-7.322
0.245	-7.367
0.244	-7.398
0.243	-7.444
0.242	-7.48
0.241	-7.525
0.24	-7.56
0.239	-7.584
0.238	-7.624
0.237	-7.668
0.236	-7.715
0.235	-7.763
0.234	-7.79
0.233	-7.831
0.232	-7.868
0.231	-7.908
0.23	-7.954
0.229	-7.994
0.228	-8.04
0.227	-8.067
0.226	-8.119
0.225	-8.158
0.224	-8.192
0.223	-8.226
0.222	-8.27
0.221	-8.302
0.22	-8.353
0.219	-8.387
0.218	-8.415
0.217	-8.456
0.216	-8.486
0.215	-8.536
0.214	-8.59
0.213	-8.61
0.212	-8.646
0.211	-8.67
0.21	-8.722
0.209	-8.754
0.208	-8.791
0.207	-8.822
0.206	-8.855
0.205	-8.896
0.204	-8.936
0.203	-8.981
0.202	-9.008
0.201	-9.039
0.2	-9.085
0.199	-9.124
0.198	-9.141
0.197	-9.19
0.196	-9.223
0.195	-9.264
0.194	-9.297
0.193	-9.332
0.192	-9.383
0.191	-9.4
0.19	-9.427
0.189	-9.471
0.188	-9.511
0.187	-9.556
0.186	-9.575
0.185	-9.63
0.184	-9.656
0.183	-9.676
0.182	-9.718
0.181	-9.737
0.18	-9.781
0.181	-9.391
0.182	-9.037
0.183	-8.724
0.184	-8.429
0.185	-8.135
0.186	-7.874
0.187	-7.612
0.188	-7.377
0.189	-7.132
