Potential(V)	Current(uA)
0.19	-1.483
0.191	-1.448
0.192	-1.41
0.193	-1.362
0.194	-1.329
0.195	-1.309
0.196	-1.282
0.197	-1.254
0.198	-1.214
0.199	-1.198
0.2	-1.17
0.201	-1.152
0.202	-1.122
0.203	-1.097
0.204	-1.074
0.205	-1.062
0.206	-1.04
0.207	-1.018
0.208	-0.9966
0.209	-0.9753
0.21	-0.9599
0.211	-0.9377
0.212	-0.9098
0.213	-0.9059
0.214	-0.8819
0.215	-0.8596
0.216	-0.8452
0.217	-0.8314
0.218	-0.8131
0.219	-0.8007
0.22	-0.7885
0.221	-0.7698
0.222	-0.754
0.223	-0.7201
0.224	-0.7171
0.225	-0.7075
0.226	-0.6914
0.227	-0.6782
0.228	-0.676
0.229	-0.6537
0.23	-0.6438
0.231	-0.6308
0.232	-0.6158
0.233	-0.5948
0.234	-0.5861
0.235	-0.5798
0.236	-0.5701
0.237	-0.5614
0.238	-0.5528
0.239	-0.5329
0.24	-0.5228
0.241	-0.5134
0.242	-0.4998
0.243	-0.4904
0.244	-0.4904
0.245	-0.4778
0.246	-0.4563
0.247	-0.4486
0.248	-0.4352
0.249	-0.4415
0.249	-0.4298
0.251	-0.4176
0.252	-0.4115
0.252	-0.4135
0.253	-0.394
0.254	-0.3873
0.256	-0.3782
0.256	-0.3742
0.257	-0.3604
0.258	-0.3515
0.259	-0.3525
0.26	-0.3371
0.261	-0.3397
0.262	-0.3328
0.263	-0.3213
0.264	-0.3178
0.265	-0.3086
0.266	-0.2967
0.267	-0.2985
0.268	-0.2892
0.269	-0.2773
0.27	-0.2721
0.271	-0.2605
0.272	-0.2594
0.273	-0.2486
0.274	-0.2457
0.275	-0.2345
0.276	-0.2294
0.277	-0.2315
0.278	-0.2193
0.279	-0.2192
0.28	-0.2154
0.281	-0.2094
0.282	-0.1982
0.283	-0.1893
0.284	-0.1977
0.285	-0.1801
0.286	-0.1794
0.287	-0.1776
0.288	-0.173
0.289	-0.1673
0.29	-0.1678
0.291	-0.1596
0.292	-0.1472
0.293	-0.1411
0.294	-0.1457
0.295	-0.1378
0.296	-0.1332
0.297	-0.1204
0.298	-0.1192
0.299	-0.1137
0.3	-0.1116
0.301	-0.1085
0.302	-0.1037
0.303	-0.1017
0.304	-0.1005
0.305	-0.08729
0.306	-0.07846
0.307	-0.08714
0.308	-0.08152
0.309	-0.07765
0.31	-0.07985
0.311	-0.06874
0.312	-0.06206
0.313	-0.06225
0.314	-0.05515
0.315	-0.056
0.316	-0.05896
0.317	-0.05348
0.318	-0.051
0.319	-0.04795
0.32	-0.03908
0.321	-0.02253
0.322	-0.02477
0.323	-0.02067
0.324	-0.01547
0.325	-0.02334
0.326	-0.01318
0.327	-0.0119
0.328	-0.006557
0.329	0.002694
0.33	0.002074
0.331	-0.006843
0.332	-2.146E-4
0.333	0.006986
0.334	0.01061
0.335	0.0169
0.336	0.01934
0.337	0.017
0.338	0.01576
0.339	0.02906
0.34	0.02077
0.341	0.03312
0.342	0.02778
0.343	0.02792
0.344	0.04117
0.345	0.05033
0.346	0.0488
0.347	0.0479
0.348	0.05429
0.349	0.0633
0.35	0.07083
0.351	0.05343
0.352	0.06907
0.353	0.07207
0.354	0.06998
0.355	0.07203
0.356	0.07341
0.357	0.08237
0.358	0.07999
0.359	0.09029
0.36	0.08404
0.361	0.08867
0.362	0.09534
0.363	0.09539
0.364	0.09873
0.365	0.1008
0.366	0.09587
0.367	0.1055
0.368	0.1134
0.369	0.1085
0.369	0.1202
0.371	0.1127
0.372	0.1196
0.373	0.1143
0.373	0.1263
0.374	0.1257
0.376	0.1291
0.376	0.1323
0.377	0.1354
0.378	0.1421
0.379	0.1375
0.38	0.1326
0.381	0.1439
0.382	0.137
0.383	0.1469
0.384	0.1498
0.385	0.1482
0.386	0.1573
0.387	0.1592
0.388	0.1619
0.389	0.1623
0.39	0.1646
0.391	0.1665
0.392	0.1677
0.393	0.1698
0.394	0.1733
0.395	0.1719
0.396	0.175
0.397	0.1781
0.398	0.1767
0.399	0.1831
0.4	0.1841
0.401	0.1871
0.402	0.1897
0.403	0.1915
0.404	0.1935
0.405	0.2063
0.406	0.1992
0.407	0.1924
0.408	0.1915
0.409	0.2006
0.41	0.203
0.411	0.2112
0.412	0.2207
0.413	0.2205
0.414	0.2114
0.415	0.22
0.416	0.2125
0.417	0.2231
0.418	0.2202
0.419	0.2183
0.42	0.2235
0.421	0.2242
0.422	0.2294
0.423	0.2291
0.424	0.2388
0.425	0.2376
0.426	0.2412
0.427	0.2413
0.428	0.2428
0.429	0.2436
0.43	0.2538
0.431	0.2528
0.432	0.2551
0.433	0.2542
0.434	0.2535
0.435	0.2554
0.436	0.2645
0.437	0.2694
0.438	0.2649
0.439	0.2669
0.44	0.2718
0.441	0.2778
0.442	0.277
0.443	0.2775
0.444	0.2803
0.445	0.2769
0.446	0.2869
0.447	0.2833
0.448	0.2872
0.449	0.2967
0.45	0.2922
0.451	0.2799
0.452	0.2903
0.453	0.3012
0.454	0.2962
0.455	0.2978
0.456	0.3009
0.457	0.3044
0.458	0.3053
0.459	0.3143
0.46	0.3093
0.461	0.3162
0.462	0.3159
0.463	0.3211
0.464	0.3173
0.465	0.3247
0.466	0.3251
0.467	0.3257
0.468	0.3258
0.469	0.3273
0.47	0.3319
0.471	0.3311
0.472	0.3357
0.473	0.3402
0.474	0.3387
0.475	0.344
0.476	0.3402
0.477	0.3487
0.478	0.3572
0.479	0.3432
0.48	0.3547
0.481	0.3536
0.482	0.3606
0.483	0.3643
0.484	0.3642
0.485	0.3736
0.486	0.3668
0.487	0.3733
0.488	0.3687
0.489	0.3793
0.49	0.3745
0.491	0.3845
0.492	0.3862
0.493	0.3838
0.493	0.3852
0.494	0.3876
0.496	0.3874
0.496	0.3905
0.497	0.3972
0.498	0.3954
0.499	0.3976
0.5	0.4104
0.501	0.3968
0.502	0.4113
0.503	0.4098
0.504	0.4159
0.505	0.4076
0.506	0.4165
0.507	0.4194
0.508	0.4232
0.509	0.4256
0.51	0.422
0.511	0.4278
0.512	0.4241
0.513	0.4358
0.514	0.4393
0.515	0.4436
0.516	0.4443
0.517	0.4386
0.518	0.448
0.519	0.4426
0.52	0.459
0.521	0.4537
0.522	0.4554
0.523	0.4641
0.524	0.4667
0.525	0.4632
0.526	0.466
0.527	0.4732
0.528	0.4732
0.529	0.4737
0.53	0.4773
0.531	0.4807
0.532	0.4866
0.533	0.4951
0.534	0.4835
0.535	0.4946
0.536	0.4949
0.537	0.4919
0.538	0.4944
0.539	0.5042
0.54	0.5015
0.541	0.5096
0.542	0.5045
0.543	0.5154
0.544	0.5126
0.545	0.5113
0.546	0.5199
0.547	0.5244
0.548	0.5226
0.549	0.5233
0.55	0.5334
0.551	0.5271
0.552	0.5409
0.553	0.5383
0.554	0.5404
0.555	0.5486
0.556	0.5576
0.557	0.5487
0.558	0.5598
0.559	0.5546
0.56	0.5634
0.561	0.5634
0.562	0.5675
0.563	0.5715
0.564	0.5717
0.565	0.5752
0.566	0.5806
0.567	0.5769
0.568	0.5786
0.569	0.5894
0.57	0.5848
0.571	0.5942
0.572	0.5962
0.573	0.6034
0.574	0.6043
0.575	0.6004
0.576	0.6062
0.577	0.6134
0.578	0.6167
0.579	0.6116
0.58	0.6251
0.581	0.6224
0.582	0.6256
0.583	0.6253
0.584	0.6346
0.585	0.6339
0.586	0.6394
0.587	0.6439
0.588	0.6445
0.589	0.651
0.59	0.6542
0.591	0.656
0.592	0.6606
0.593	0.6657
0.594	0.6665
0.595	0.6728
0.596	0.6704
0.597	0.6787
0.598	0.6847
0.599	0.6916
0.6	0.6841
0.601	0.6902
0.602	0.691
0.603	0.6969
0.604	0.7002
0.605	0.7061
0.606	0.7043
0.607	0.7111
0.608	0.7201
0.609	0.722
0.61	0.7161
0.611	0.724
0.612	0.7386
0.613	0.7367
0.614	0.7375
0.614	0.7408
0.616	0.7408
0.617	0.7554
0.617	0.7597
0.618	0.7534
0.619	0.7602
0.62	0.7675
0.621	0.7743
0.622	0.7716
0.623	0.779
0.624	0.7853
0.625	0.7909
0.626	0.797
0.627	0.7947
0.628	0.7987
0.629	0.8091
0.63	0.8066
0.631	0.8095
0.632	0.8114
0.633	0.8255
0.634	0.8197
0.635	0.8278
0.636	0.8288
0.637	0.841
0.638	0.8405
0.639	0.8453
0.64	0.8507
0.641	0.8584
0.642	0.8588
0.643	0.8601
0.644	0.8733
0.645	0.8703
0.646	0.8811
0.647	0.8833
0.648	0.8855
0.649	0.8963
0.65	0.895
0.651	0.9002
0.652	0.9074
0.653	0.9081
0.654	0.9196
0.655	0.9176
0.656	0.9278
0.657	0.9287
0.658	0.9343
0.659	0.9401
0.66	0.946
0.661	0.9523
0.662	0.9568
0.663	0.9608
0.664	0.9666
0.665	0.97
0.666	0.98
0.667	0.9797
0.668	0.9926
0.669	0.9996
0.67	0.9947
0.671	1.004
0.672	1.009
0.673	1.013
0.674	1.019
0.675	1.031
0.676	1.033
0.677	1.036
0.678	1.044
0.679	1.053
0.68	1.053
0.681	1.071
0.682	1.063
0.683	1.076
0.684	1.084
0.685	1.092
0.686	1.093
0.687	1.096
0.688	1.108
0.689	1.115
0.69	1.117
0.691	1.122
0.692	1.132
0.693	1.132
0.694	1.146
0.695	1.147
0.696	1.161
0.697	1.162
0.698	1.166
0.699	1.168
0.7	1.184
0.701	1.188
0.702	1.196
0.703	1.198
0.704	1.21
0.705	1.212
0.706	1.223
0.707	1.23
0.708	1.238
0.709	1.246
0.71	1.257
0.711	1.265
0.712	1.264
0.713	1.272
0.714	1.282
0.715	1.29
0.716	1.297
0.717	1.309
0.718	1.314
0.719	1.325
0.72	1.328
0.721	1.332
0.722	1.348
0.723	1.35
0.724	1.358
0.725	1.369
0.726	1.375
0.727	1.386
0.728	1.394
0.729	1.402
0.73	1.413
0.731	1.423
0.732	1.432
0.733	1.435
0.734	1.448
0.734	1.454
0.736	1.466
0.737	1.472
0.737	1.481
0.738	1.492
0.739	1.502
0.741	1.518
0.741	1.513
0.742	1.528
0.743	1.538
0.744	1.556
0.745	1.558
0.746	1.572
0.747	1.573
0.748	1.588
0.749	1.594
0.75	1.609
0.751	1.624
0.752	1.629
0.753	1.643
0.754	1.65
0.755	1.655
0.756	1.673
0.757	1.684
0.758	1.695
0.759	1.697
0.76	1.718
0.761	1.731
0.762	1.739
0.763	1.747
0.764	1.764
0.765	1.771
0.766	1.79
0.767	1.802
0.768	1.811
0.769	1.831
0.77	1.834
0.771	1.849
0.772	1.862
0.773	1.869
0.774	1.886
0.775	1.893
0.776	1.91
0.777	1.922
0.778	1.935
0.779	1.942
0.78	1.96
0.781	1.974
0.782	1.99
0.783	1.998
0.784	2.022
0.785	2.029
0.786	2.043
0.787	2.06
0.788	2.07
0.789	2.083
0.79	2.107
0.791	2.117
0.792	2.126
0.793	2.146
0.794	2.157
0.795	2.176
0.796	2.198
0.797	2.208
0.798	2.228
0.799	2.241
0.8	2.264
0.801	2.267
0.802	2.293
0.803	2.312
0.804	2.315
0.805	2.334
0.806	2.361
0.807	2.378
0.808	2.391
0.809	2.403
0.81	2.428
0.811	2.444
0.812	2.457
0.813	2.475
0.814	2.502
0.815	2.52
0.816	2.535
0.817	2.553
0.818	2.571
0.819	2.595
0.82	2.614
0.821	2.635
0.822	2.66
0.823	2.674
0.824	2.691
0.825	2.721
0.826	2.737
0.827	2.769
0.828	2.776
0.829	2.8
0.83	2.823
0.831	2.849
0.832	2.859
0.833	2.893
0.834	2.916
0.835	2.926
0.836	2.966
0.837	2.977
0.838	3.01
0.839	3.032
0.84	3.061
0.841	3.084
0.842	3.101
0.843	3.133
0.844	3.154
0.845	3.181
0.846	3.215
0.847	3.232
0.848	3.263
0.849	3.284
0.85	3.316
0.851	3.343
0.852	3.368
0.853	3.398
0.854	3.429
0.855	3.457
0.856	3.49
0.857	3.518
0.858	3.54
0.858	3.566
0.859	3.614
0.861	3.634
0.861	3.661
0.862	3.691
0.863	3.722
0.864	3.764
0.865	3.795
0.866	3.832
0.867	3.862
0.868	3.895
0.869	3.927
0.87	3.957
0.871	3.996
0.872	4.035
0.873	4.075
0.874	4.112
0.875	4.135
0.876	4.181
0.877	4.213
0.878	4.25
0.879	4.298
0.88	4.329
0.881	4.379
0.882	4.415
0.883	4.458
0.884	4.494
0.885	4.548
0.886	4.583
0.887	4.628
0.888	4.66
0.889	4.708
0.89	4.752
0.891	4.786
0.892	4.831
0.893	4.885
0.894	4.927
0.895	4.969
0.896	5.017
0.897	5.059
0.898	5.107
0.899	5.152
0.9	5.199
0.901	5.253
0.902	5.3
0.903	5.338
0.904	5.394
0.905	5.442
0.906	5.477
0.907	5.522
0.908	5.562
0.909	5.608
0.91	5.659
0.911	5.703
0.912	5.742
0.913	5.786
0.914	5.814
0.915	5.848
0.916	5.887
0.917	5.905
0.918	5.951
0.919	6.347
0.92	6.414
0.921	6.482
0.922	6.569
0.923	6.632
0.924	6.701
0.925	6.774
0.926	6.856
0.927	6.932
0.928	7.008
0.929	7.073
0.93	7.174
0.931	7.245
0.932	7.319
0.933	7.419
0.934	7.499
0.935	7.581
0.936	7.665
0.937	7.757
0.938	7.858
0.939	7.931
0.94	8.026
0.941	8.134
0.942	8.242
0.943	8.342
0.944	8.43
0.945	8.517
0.946	8.622
0.947	8.72
0.948	8.836
0.949	8.941
0.95	9.062
0.951	9.164
0.952	9.288
0.953	9.407
0.954	9.522
0.955	9.649
0.956	9.764
0.957	9.896
0.958	10.03
0.959	10.16
0.96	10.3
0.961	10.43
0.962	10.58
0.963	10.72
0.964	10.86
0.965	11.01
0.966	11.16
0.967	11.32
0.968	11.47
0.969	11.64
0.97	11.8
0.971	11.98
0.972	12.13
0.973	12.29
0.974	12.48
0.975	12.67
0.976	12.86
0.977	13.05
0.978	13.24
0.978	13.43
0.979	13.66
0.981	13.85
0.982	14.09
0.982	14.29
0.983	14.53
0.984	14.75
0.985	14.99
0.986	15.23
0.987	15.49
0.988	15.73
0.989	16
0.99	16.27
0.991	16.55
0.992	16.82
0.993	17.11
0.994	17.41
0.995	17.73
0.996	18.02
0.997	18.34
0.998	18.68
0.999	19.03
1	19.37
1.001	19.71
1.002	20.07
1.003	20.44
1.004	20.84
1.005	21.25
1.006	21.68
1.007	22.09
1.008	22.54
1.009	22.99
1.01	23.46
1.011	23.97
1.012	24.45
1.013	24.95
1.014	25.48
1.015	26.04
1.016	26.63
1.017	27.2
1.018	27.81
1.019	28.43
1.02	29.11
1.021	29.78
1.022	30.47
1.023	31.17
1.024	31.94
1.025	32.71
1.026	33.52
1.027	34.34
1.028	35.22
1.029	36.08
1.03	36.99
1.031	37.98
1.032	38.97
1.033	40.01
1.034	41.1
1.035	42.23
1.036	43.4
1.037	44.65
1.038	45.91
1.039	47.23
1.04	48.61
1.041	50.12
1.042	51.56
1.043	53.17
1.044	54.77
1.045	56.53
1.046	58.29
1.047	60.15
1.048	62.15
1.049	64.18
1.05	66.32
1.051	68.56
1.052	70.86
1.053	73.37
1.054	75.84
1.055	78.53
1.056	81.3
1.057	84.24
1.058	87.22
1.059	90.31
1.06	93.69
1.061	97.15
1.062	100.8
1.063	104.5
1.064	108.5
1.065	112.6
1.066	116.9
1.067	121.3
1.068	126
1.069	130.8
1.07	136
1.071	141.2
1.072	146.6
1.073	152.2
1.074	158.2
1.075	164.2
1.076	170.5
1.077	176.9
1.078	183.7
1.079	190.6
1.08	197.8
1.081	205
1.082	212.6
1.083	220.2
1.084	228.1
1.085	236.2
1.086	244
1.087	252.4
1.088	260.8
1.089	269.5
1.09	278.4
1.091	287.2
1.092	296.1
1.093	305.2
1.094	314.3
1.095	323.9
1.096	332.7
1.097	342.2
1.098	351.5
1.099	361
1.099	370.5
1.101	379.8
1.102	389
1.102	398.5
1.103	407.6
1.104	417
1.105	426.1
1.106	435.3
1.107	444.2
1.108	453.4
1.109	462.4
1.11	471.5
1.111	480.1
1.112	488.7
1.113	497.4
1.114	505.4
1.115	514
1.116	522.2
1.117	530.5
1.118	538.8
1.119	547.2
1.12	555.1
1.121	563.1
1.122	570.8
1.123	579
1.124	586.5
1.125	594.1
1.126	602.3
1.127	609.8
1.128	617.4
1.129	624.8
1.13	632.1
1.131	639.9
1.132	646.6
1.133	653.8
1.134	660.9
1.135	668.2
1.136	675.2
1.137	682.2
1.138	689.2
1.139	696.2
1.14	702.5
1.141	709.5
1.142	715.2
1.143	721.7
1.144	728.3
1.145	734.3
1.146	740.9
1.147	747.1
1.148	753.6
1.149	759.4
1.15	765.5
1.151	771.4
1.152	777.6
1.153	783
1.154	788.6
1.155	794.1
1.156	799.7
1.157	804.9
1.158	810.4
1.159	815.1
1.16	820.2
1.161	824.7
1.162	829.4
1.163	834.2
1.164	838.3
1.165	842.3
1.166	846.4
1.167	850.3
1.168	854.9
1.169	857.8
1.17	860.3
1.171	863.7
1.172	866.8
1.173	870.6
1.174	872.8
1.175	875.6
1.176	878.2
1.177	881.1
1.178	883.6
1.179	885.6
1.18	887.4
1.181	889.8
1.182	891.2
1.183	893.1
1.184	894.5
1.185	896.1
1.186	897.3
1.187	898.9
1.188	900.3
1.189	901.8
1.19	902.3
1.191	903.3
1.192	904.2
1.193	905.4
1.194	906
1.195	906.8
1.196	907.3
1.197	908.5
1.198	908.8
1.199	908.6
1.2	909.2
1.201	909.3
1.202	910.2
1.203	910.2
1.204	910.6
1.205	911.1
1.206	911.5
1.207	911.7
1.208	912.1
1.209	912.1
1.21	912.8
1.211	912.4
1.212	912.9
1.213	913
1.214	913.3
1.215	913.4
1.216	913.5
1.217	913.6
1.218	914
1.219	913.6
1.219	913.8
1.221	913.8
1.222	914
1.222	913.7
1.223	913.8
1.224	913.9
1.226	913.6
1.226	913.5
1.227	913.3
1.228	913.2
1.229	913.3
1.23	913.3
1.231	913.3
1.232	913.3
1.233	913.3
1.234	913.4
1.235	913.4
1.236	913.6
1.237	913.2
1.238	913.4
1.239	912.9
1.24	912.9
1.241	913
1.242	912.7
1.243	912.4
1.244	912.4
1.245	912.2
1.246	912
1.247	911.8
1.248	911.7
1.249	911.4
1.25	911.5
1.251	911.4
1.252	910.9
1.253	910.5
1.254	910.6
1.255	909.6
1.256	909.5
1.257	909.1
1.258	908.5
1.259	908.5
1.26	907.8
1.261	907.7
1.262	907.2
1.263	906.9
1.264	906.4
1.265	906
1.266	905.5
1.267	905.4
1.268	904.5
1.269	904
1.27	903.5
1.271	903.2
1.272	902.4
1.273	902
1.274	901.2
1.275	901.1
1.276	900.2
1.277	899.6
1.278	899
1.279	898.2
1.28	897.4
1.281	896.7
1.282	896
1.283	894.8
1.284	894
1.285	893.3
1.286	892.7
1.287	891.8
1.288	891.4
1.289	890.1
1.29	889.6
1.291	888.6
1.292	887.8
1.293	886.9
1.294	886
1.295	885.2
1.296	884.5
1.297	883
1.298	882.2
1.299	881.1
1.3	880.3
1.301	878.9
1.302	878
1.303	876.9
1.304	876.2
1.305	874.9
1.306	873.7
1.307	872.5
1.308	871.5
1.309	870.4
1.31	869.3
1.311	867.3
1.312	866.1
1.313	865.2
1.314	864.1
1.315	863.2
1.316	861.6
1.317	860.6
1.318	859
1.319	858
1.32	856.8
1.321	855.3
1.322	853.9
1.323	852.7
1.324	851.3
1.325	850.6
1.326	848.6
1.327	847.3
1.328	845.9
1.329	844.6
1.33	843.4
1.331	841.8
1.332	840.3
1.333	839.1
1.334	837.5
1.335	836.4
1.336	834.6
1.337	833.2
1.338	831.4
1.339	830
1.34	828.1
1.341	826.6
1.342	825.2
1.343	823.7
1.343	822.3
1.344	820.9
1.346	819.5
1.346	817.7
1.347	816.2
1.348	814.7
1.349	813.3
1.35	811.5
1.351	810.1
1.352	808.4
1.353	807.2
1.354	805.4
1.355	803.7
1.356	802.2
1.357	800.5
1.358	798.9
1.359	797.3
1.36	795.6
1.361	794.3
1.362	792.2
1.363	790.9
1.364	789.2
1.365	787.6
1.366	785.9
1.367	783.7
1.368	782.3
1.369	780.6
1.37	779.1
1.371	777.5
1.372	775.9
1.373	774.4
1.374	772.8
1.375	770.8
1.376	769.3
1.377	767.6
1.378	766.1
1.379	764.2
1.38	762.5
1.381	760.9
1.382	759.6
1.383	757.7
1.384	756
1.385	754.2
1.386	752.7
1.387	750.9
1.388	749.4
1.389	747.5
1.39	746.1
1.391	744.2
1.392	742.7
1.393	741.2
1.394	739.4
1.395	737.6
1.396	735.4
1.397	734
1.398	732.5
1.399	730.7
1.4	729.2
1.401	727.5
1.402	726
1.403	724.8
1.404	722.7
1.405	721.1
1.406	719.4
1.407	717.9
1.408	716.3
1.409	714.6
1.41	712.9
1.411	711.6
1.412	709.7
1.413	708.4
1.414	706.6
1.415	704.9
1.416	703.2
1.417	701.6
1.418	700
1.419	698.5
1.42	696.7
1.421	695.2
1.422	693.6
1.423	692.3
1.424	690.2
1.425	688.5
1.426	687
1.427	685.6
1.428	684.2
1.429	682.6
1.43	681.2
1.431	679.6
1.432	678.3
1.433	676.7
1.434	675.1
1.435	673.7
1.436	672.1
1.437	670.6
1.438	669.1
1.439	667.5
1.44	666.4
1.441	664.6
1.442	663.3
1.443	661.8
1.444	660.4
1.445	658.9
1.446	657.4
1.447	656
1.448	654.7
1.449	653.1
1.45	651.9
1.451	650.5
1.452	649.2
1.453	647.3
1.454	645.8
1.455	644.6
1.456	643.2
1.457	642
1.458	640.5
1.459	639.2
1.46	637.9
1.461	636.9
1.462	635.5
1.463	634.1
1.463	632.7
1.464	631.6
1.466	630.3
1.467	629.2
1.467	627.7
1.468	626.7
1.469	625.3
1.47	624.2
1.471	623.2
1.472	621.8
1.473	620.5
1.474	619.3
1.475	618.2
1.476	617.4
1.477	615.8
1.478	614.7
1.479	613.6
1.48	612.1
1.481	611.5
1.482	610
1.483	609.1
1.484	608.1
1.485	607.2
1.486	606.2
1.487	605.1
1.488	604.1
1.489	603.3
1.49	602.3
1.491	601.5
1.492	600.4
1.493	599.6
1.494	598.5
1.495	597.7
1.496	596.8
1.497	596.1
1.498	595.1
1.499	594.3
1.5	593.6
1.501	593
1.502	592.1
1.503	591.4
1.504	590.5
1.505	590.1
1.506	589.3
1.507	588.7
1.508	587.7
1.509	587.1
1.51	586.8
1.511	586.2
1.512	585.7
1.513	585.3
1.514	584.8
1.515	584.4
1.516	584
1.517	583.6
1.518	583.6
1.519	583.1
1.52	583
1.521	582.7
1.522	582.4
1.523	582.2
1.524	582.1
1.525	582.1
1.526	582.1
1.527	582.1
1.528	582.1
1.529	582.1
1.53	582.4
1.531	582.3
1.532	582.6
1.533	582.7
1.534	583.2
1.535	583.4
1.536	583.7
1.537	583.7
1.538	584.3
1.539	585.2
1.54	585.7
1.541	586.3
1.542	587
1.543	588
1.544	588.8
1.545	589.9
1.546	590.6
1.547	591.9
1.548	592.9
1.549	594.2
1.55	595.6
1.551	596.8
1.552	598.1
1.553	599.6
1.554	601.2
1.555	603.3
1.556	604.6
1.557	606.5
1.558	608.4
1.559	610.6
1.56	612.9
1.561	614.9
1.562	617.1
1.563	619.8
1.564	622.2
1.565	624.5
1.566	627.3
1.567	630.1
1.568	633.4
1.569	636.4
1.57	640
1.571	643.2
1.572	646.9
1.573	650.3
1.574	654.1
1.575	658
1.576	662.4
1.577	666.5
1.578	670.8
1.579	675.5
1.58	680.4
1.581	685.1
1.582	690.3
1.583	695.4
1.584	701.2
1.584	706.6
1.586	712.5
1.587	718.6
1.587	724.8
1.588	731.2
1.589	737.9
1.59	744.6
1.591	752.2
1.592	758.7
1.593	765.6
1.594	773.4
1.595	781.3
1.596	790.2
1.597	798.1
1.598	807.1
1.599	815.9
1.6	825.2
1.601	834.9
1.602	844.6
1.603	854.6
1.604	865.3
1.605	875.5
1.606	886.9
1.607	898.1
1.608	910.2
1.609	921.7
1.61	933.8
1.611	946.3
1.612	959.6
1.613	972.5
1.614	986
1.615	999.9
1.616	1014
1.617	1029
1.618	1045
1.619	1060
1.62	1076
1.621	1091
1.622	1107
1.623	1125
1.624	1141
1.625	1160
1.626	1178
1.627	1197
1.628	1217
1.629	1237
1.63	1256
1.631	1277
1.632	1298
1.633	1321
1.634	1342
1.635	1365
1.636	1388
1.637	1412
1.638	1437
1.639	1461
1.64	1486
1.641	1513
1.642	1538
1.643	1566
1.644	1593
1.645	1622
1.646	1650
1.647	1680
1.648	1710
1.649	1738
1.65	1769
1.651	1800
1.652	1832
1.653	1865
1.654	1900
1.655	1933
1.656	1967
1.657	2003
1.658	2040
1.659	2076
1.66	2113
1.661	2150
1.662	2191
1.663	2228
1.664	2269
1.665	2310
1.666	2351
1.667	2393
1.668	2436
1.669	2478
1.67	2524
1.671	2566
1.672	2611
1.673	2656
1.674	2703
1.675	2750
1.676	2798
1.677	2847
1.678	2891
1.679	2941
1.68	2991
1.681	3041
1.682	3093
1.683	3146
1.684	3196
1.685	3250
1.686	3304
1.687	3360
1.688	3413
1.689	3468
1.69	3523
1.691	3582
1.692	3637
1.693	3694
1.694	3751
1.695	3811
1.696	3869
1.697	3930
1.698	3989
1.699	4051
1.7	4110
1.701	4172
1.702	4236
1.703	4297
1.704	4359
1.704	4423
1.706	4482
1.707	4549
1.707	4612
1.708	4676
1.709	4742
1.711	4807
1.711	4878
1.712	4940
1.713	5008
1.714	5075
1.715	5145
1.716	5215
1.717	5282
1.718	5350
1.719	5422
1.72	5490
1.721	5562
1.722	5632
1.723	5704
1.724	5775
1.725	5848
1.726	5921
1.727	5995
1.728	6081
1.729	6154
1.73	6227
1.731	6303
1.732	6376
1.733	6450
1.734	6518
1.735	6594
1.736	6671
1.737	6746
1.738	6821
1.739	6896
1.74	6976
1.741	7050
1.742	7127
1.743	7206
1.744	7284
1.745	7363
1.746	7441
1.747	7518
1.748	7601
1.749	7675
1.75	7756
1.751	7834
1.752	7915
1.753	7995
1.754	8076
1.755	8156
1.756	8240
1.757	8317
1.758	8400
1.759	8482
1.76	8566
1.761	8645
1.762	8721
1.763	8806
1.764	8889
1.765	8974
1.766	9055
1.767	9136
1.768	9220
1.769	9307
1.77	9388
1.771	9471
1.772	9553
1.773	9640
1.774	9724
1.775	9811
1.776	9894
1.777	9982
1.778	10060
1.779	10150
1.78	10240
1.781	10320
1.782	10410
1.783	10500
1.784	10580
1.785	10680
1.786	10760
1.787	10840
1.788	10930
1.789	11020
1.79	11110
1.791	11180
1.792	11270
1.793	11360
1.794	11450
1.795	11540
1.796	11630
1.797	11710
1.798	11800
1.799	11890
1.8	11980
1.799	11890
1.798	11810
1.797	11710
1.796	11630
1.795	11540
1.794	11450
1.793	11350
1.792	11270
1.791	11170
1.79	11090
1.789	11010
1.788	10910
1.787	10830
1.786	10740
1.785	10660
1.784	10560
1.783	10470
1.782	10380
1.781	10300
1.78	10210
1.779	10120
1.778	10030
1.777	9949
1.776	9861
1.775	9778
1.774	9691
1.773	9605
1.772	9517
1.771	9432
1.77	9349
1.769	9266
1.768	9179
1.767	9095
1.766	9012
1.765	8930
1.764	8844
1.763	8761
1.762	8675
1.761	8600
1.76	8520
1.759	8435
1.758	8354
1.757	8270
1.756	8192
1.755	8109
1.754	8027
1.753	7947
1.752	7866
1.751	7784
1.75	7705
1.749	7625
1.748	7550
1.747	7468
1.746	7391
1.745	7312
1.744	7232
1.743	7154
1.742	7075
1.741	6997
1.74	6923
1.739	6844
1.738	6769
1.737	6693
1.736	6619
1.735	6542
1.734	6466
1.733	6398
1.732	6322
1.731	6249
1.73	6174
1.729	6101
1.728	6029
1.727	5959
1.726	5885
1.725	5811
1.724	5738
1.723	5667
1.722	5595
1.721	5526
1.72	5454
1.719	5387
1.718	5316
1.717	5248
1.716	5181
1.715	5111
1.714	5042
1.713	4975
1.712	4907
1.711	4846
1.711	4775
1.709	4710
1.708	4646
1.707	4583
1.707	4520
1.706	4454
1.704	4395
1.704	4331
1.703	4271
1.702	4210
1.701	4147
1.7	4085
1.699	4027
1.698	3966
1.697	3908
1.696	3848
1.695	3791
1.694	3732
1.693	3675
1.692	3619
1.691	3564
1.69	3507
1.689	3453
1.688	3399
1.687	3346
1.686	3292
1.685	3238
1.684	3186
1.683	3135
1.682	3083
1.681	3033
1.68	2983
1.679	2935
1.678	2886
1.677	2842
1.676	2794
1.675	2748
1.674	2701
1.673	2655
1.672	2611
1.671	2567
1.67	2525
1.669	2480
1.668	2438
1.667	2396
1.666	2355
1.665	2315
1.664	2275
1.663	2235
1.662	2198
1.661	2158
1.66	2122
1.659	2085
1.658	2051
1.657	2014
1.656	1979
1.655	1945
1.654	1912
1.653	1879
1.652	1847
1.651	1815
1.65	1785
1.649	1755
1.648	1727
1.647	1698
1.646	1669
1.645	1641
1.644	1613
1.643	1587
1.642	1560
1.641	1535
1.64	1509
1.639	1485
1.638	1462
1.637	1438
1.636	1415
1.635	1392
1.634	1370
1.633	1350
1.632	1328
1.631	1308
1.63	1289
1.629	1270
1.628	1251
1.627	1232
1.626	1214
1.625	1198
1.624	1180
1.623	1165
1.622	1144
1.621	1129
1.62	1116
1.619	1101
1.618	1087
1.617	1073
1.616	1060
1.615	1046
1.614	1034
1.613	1022
1.612	1010
1.611	998.1
1.61	987
1.609	976.3
1.608	966.1
1.607	955.4
1.606	945.7
1.605	935.7
1.604	927
1.603	917.7
1.602	909.1
1.601	900.9
1.6	892.7
1.599	884.9
1.598	877.5
1.597	869.9
1.596	863.3
1.595	855.9
1.594	849.6
1.593	843.3
1.592	837.8
1.591	832.5
1.59	826.1
1.589	820.9
1.588	815.5
1.587	810.4
1.587	805.5
1.586	800.5
1.584	795.9
1.584	791.8
1.583	787.2
1.582	783.6
1.581	779.6
1.58	776.1
1.579	772.3
1.578	768.7
1.577	765.4
1.576	762.6
1.575	759.4
1.574	756.6
1.573	753.7
1.572	751.3
1.571	748.8
1.57	746.5
1.569	743.9
1.568	741.7
1.567	739.4
1.566	737.5
1.565	735.7
1.564	734.2
1.563	732.6
1.562	730.7
1.561	729.3
1.56	727.8
1.559	726.3
1.558	724.7
1.557	723.3
1.556	722.1
1.555	721.6
1.554	720
1.553	719
1.552	718
1.551	717.3
1.55	716.6
1.549	715.6
1.548	714.6
1.547	714.2
1.546	713.3
1.545	713
1.544	712.2
1.543	711.8
1.542	711.2
1.541	710.8
1.54	710.5
1.539	710.3
1.538	709.6
1.537	709.3
1.536	709.5
1.535	709.3
1.534	709.2
1.533	708.6
1.532	708.3
1.531	708.1
1.53	708.2
1.529	707.8
1.528	707.7
1.527	707.3
1.526	707.5
1.525	707.3
1.524	707.2
1.523	707.3
1.522	707.2
1.521	707.1
1.52	707.1
1.519	706.9
1.518	707.4
1.517	706.9
1.516	707.1
1.515	707.1
1.514	707.2
1.513	707.3
1.512	707.3
1.511	707.5
1.51	707.7
1.509	707.4
1.508	707.6
1.507	708
1.506	707.9
1.505	708.2
1.504	707.9
1.503	708.2
1.502	708.2
1.501	708.4
1.5	708.3
1.499	708.3
1.498	708.4
1.497	708.5
1.496	708.6
1.495	708.7
1.494	708.7
1.493	709
1.492	709
1.491	709.4
1.49	709.2
1.489	709.4
1.488	709.3
1.487	709.5
1.486	709.7
1.485	709.8
1.484	709.8
1.483	709.9
1.482	709.9
1.481	710.5
1.48	710.1
1.479	710.7
1.478	710.8
1.477	710.8
1.476	710.9
1.475	710.9
1.474	711
1.473	711.1
1.472	711.3
1.471	711.5
1.47	711.4
1.469	711.3
1.468	711.6
1.467	711.5
1.467	711.8
1.466	711.8
1.464	712
1.463	712
1.463	712.2
1.462	712.4
1.461	712.6
1.46	712.4
1.459	712.6
1.458	712.7
1.457	713.1
1.456	713
1.455	713.2
1.454	713.2
1.453	713.7
1.452	714.2
1.451	714
1.45	714.1
1.449	713.9
1.448	714.3
1.447	714.1
1.446	714.3
1.445	714.4
1.444	714.6
1.443	714.6
1.442	714.8
1.441	714.8
1.44	715.3
1.439	715
1.438	715.2
1.437	715.4
1.436	715.6
1.435	715.8
1.434	715.9
1.433	716.1
1.432	716.4
1.431	716.2
1.43	716.4
1.429	716.6
1.428	717
1.427	717
1.426	717.1
1.425	717.3
1.424	717.8
1.423	718.3
1.422	718.2
1.421	718.3
1.42	718.4
1.419	718.7
1.418	718.7
1.417	718.9
1.416	719
1.415	719.3
1.414	719.5
1.413	719.8
1.412	719.6
1.411	720
1.41	720
1.409	720.3
1.408	720.7
1.407	720.8
1.406	720.9
1.405	721.2
1.404	721.4
1.403	722.1
1.402	721.9
1.401	722.1
1.4	722.4
1.399	722.7
1.398	723.2
1.397	723.3
1.396	723.5
1.395	724.2
1.394	724.6
1.393	724.9
1.392	724.8
1.391	725
1.39	725.3
1.389	725.4
1.388	726
1.387	726.1
1.386	726.4
1.385	726.6
1.384	726.9
1.383	727.3
1.382	727.7
1.381	727.8
1.38	728.1
1.379	728.4
1.378	728.9
1.377	729.1
1.376	729.5
1.375	729.6
1.374	730.3
1.373	730.3
1.372	730.6
1.371	730.9
1.37	731.2
1.369	731.4
1.368	731.8
1.367	732
1.366	732.9
1.365	733.1
1.364	733.3
1.363	733.5
1.362	733.6
1.361	734.3
1.36	734.1
1.359	734.5
1.358	734.8
1.357	735.2
1.356	735.5
1.355	735.8
1.354	736
1.353	736.4
1.352	736.4
1.351	736.8
1.35	737
1.349	737.5
1.348	737.6
1.347	737.8
1.346	738.1
1.346	738.5
1.344	738.5
1.343	738.6
1.343	738.8
1.342	739.1
1.341	739.2
1.34	739.5
1.339	740
1.338	740
1.337	740.3
1.336	740.4
1.335	740.7
1.334	740.5
1.333	740.7
1.332	740.7
1.331	740.8
1.33	741
1.329	741.1
1.328	741.1
1.327	741.2
1.326	741.2
1.325	741.2
1.324	741.2
1.323	741.3
1.322	741.3
1.321	741.5
1.32	741.5
1.319	741.4
1.318	741.3
1.317	741.5
1.316	741.1
1.315	741.3
1.314	740.9
1.313	740.9
1.312	740.6
1.311	740.5
1.31	740.9
1.309	740.4
1.308	740.2
1.307	739.6
1.306	739.5
1.305	739.2
1.304	739
1.303	738.2
1.302	737.8
1.301	737.5
1.3	737.3
1.299	736.7
1.298	736.2
1.297	735.6
1.296	735.4
1.295	734.6
1.294	733.9
1.293	733.4
1.292	732.6
1.291	731.9
1.29	731.3
1.289	730.4
1.288	730.1
1.287	729
1.286	728.3
1.285	727.5
1.284	726.6
1.283	725.6
1.282	725.1
1.281	724.2
1.28	723.2
1.279	722.1
1.278	721.1
1.277	719.9
1.276	718.8
1.275	717.8
1.274	716.2
1.273	715.1
1.272	713.8
1.271	712.6
1.27	711.1
1.269	709.8
1.268	708.4
1.267	707.3
1.266	705.6
1.265	704
1.264	702.4
1.263	700.9
1.262	699.3
1.261	697.8
1.26	696
1.259	694.5
1.258	692.6
1.257	690.9
1.256	689.3
1.255	687.3
1.254	685.9
1.253	683.7
1.252	681.8
1.251	679.9
1.25	677.7
1.249	675.5
1.248	673.5
1.247	671.4
1.246	669.7
1.245	666.9
1.244	664.7
1.243	662.4
1.242	660.2
1.241	658.1
1.24	655.5
1.239	653
1.238	650.9
1.237	648.2
1.236	646
1.235	643.2
1.234	640.7
1.233	637.9
1.232	635.3
1.231	632.7
1.23	630.2
1.229	627.3
1.228	624.6
1.227	621.9
1.226	619.3
1.226	616.9
1.224	613.8
1.223	610.8
1.222	607.9
1.222	605.2
1.221	602
1.219	599.1
1.219	596
1.218	593.3
1.217	590
1.216	586.9
1.215	583.8
1.214	580.6
1.213	577.3
1.212	574.3
1.211	570.9
1.21	568.1
1.209	564.5
1.208	561.4
1.207	558
1.206	554.7
1.205	551.4
1.204	548.1
1.203	544.7
1.202	541.6
1.201	537.9
1.2	534.7
1.199	531.2
1.198	528.2
1.197	524.9
1.196	521.2
1.195	517.8
1.194	514.2
1.193	510.8
1.192	507.1
1.191	503.6
1.19	500
1.189	496.8
1.188	493
1.187	489.4
1.186	485.7
1.185	482.3
1.184	478.6
1.183	475.1
1.182	471.3
1.181	467.9
1.18	464.1
1.179	460.5
1.178	457.1
1.177	453.3
1.176	449.4
1.175	445.7
1.174	442
1.173	438.7
1.172	434.6
1.171	430.9
1.17	427.2
1.169	423.9
1.168	420.7
1.167	416.6
1.166	412.9
1.165	409.2
1.164	405.5
1.163	402
1.162	398.1
1.161	394.4
1.16	390.9
1.159	387.1
1.158	383.5
1.157	379.7
1.156	376.1
1.155	372.2
1.154	368.6
1.153	365
1.152	361.5
1.151	357.7
1.15	354
1.149	350.4
1.148	346.9
1.147	343.2
1.146	339.6
1.145	335.9
1.144	332.5
1.143	328.8
1.142	325.3
1.141	322
1.14	318.5
1.139	315.1
1.138	311.4
1.137	307.9
1.136	304.4
1.135	300.8
1.134	297.3
1.133	293.9
1.132	290.3
1.131	287.1
1.13	283.5
1.129	280.1
1.128	276.7
1.127	273.3
1.126	270
1.125	266.6
1.124	263.2
1.123	260
1.122	256.7
1.121	253.5
1.12	250.2
1.119	247
1.118	243.7
1.117	240.5
1.116	237.3
1.115	234.2
1.114	231
1.113	228.1
1.112	225
1.111	221.9
1.11	218.9
1.109	215.9
1.108	212.8
1.107	209.8
1.106	206.9
1.105	203.9
1.104	201
1.103	198.1
1.102	195.2
1.102	192.4
1.101	189.6
1.099	186.9
1.099	184
1.098	181.2
1.097	178.4
1.096	175.6
1.095	173.1
1.094	170.3
1.093	167.6
1.092	165
1.091	162.5
1.09	160
1.089	157.3
1.088	154.8
1.087	152.4
1.086	149.8
1.085	147.6
1.084	145.1
1.083	142.7
1.082	140.5
1.081	138.1
1.08	135.8
1.079	133.5
1.078	131.2
1.077	129
1.076	126.8
1.075	124.6
1.074	122.5
1.073	120.3
1.072	118.2
1.071	116.1
1.07	114
1.069	112
1.068	110
1.067	108
1.066	106.1
1.065	104.2
1.064	102.3
1.063	100.4
1.062	98.62
1.061	96.82
1.06	95.03
1.059	93.23
1.058	91.56
1.057	89.91
1.056	88.22
1.055	86.59
1.054	84.92
1.053	83.38
1.052	81.73
1.051	80.21
1.05	78.68
1.049	77.16
1.048	75.66
1.047	74.21
1.046	72.77
1.045	71.4
1.044	69.96
1.043	68.63
1.042	67.29
1.041	65.99
1.04	64.66
1.039	63.39
1.038	62.12
1.037	60.91
1.036	59.68
1.035	58.48
1.034	57.32
1.033	56.18
1.032	55.05
1.031	53.99
1.03	52.87
1.029	51.82
1.028	50.83
1.027	49.79
1.026	48.8
1.025	47.8
1.024	46.86
1.023	45.88
1.022	44.97
1.021	44.05
1.02	43.17
1.019	42.26
1.018	41.41
1.017	40.55
1.016	39.78
1.015	38.93
1.014	38.13
1.013	37.33
1.012	36.59
1.011	35.87
1.01	35.09
1.009	34.36
1.008	33.68
1.007	32.96
1.006	32.3
1.005	31.63
1.004	30.98
1.003	30.32
1.002	29.7
1.001	29.09
1	28.54
0.999	27.95
0.998	27.34
0.997	26.81
0.996	26.25
0.995	25.73
0.994	25.17
0.993	24.66
0.992	24.15
0.991	23.68
0.99	23.19
0.989	22.7
0.988	22.25
0.987	21.8
0.986	21.36
0.985	20.92
0.984	20.51
0.983	20.1
0.982	19.68
0.982	19.29
0.981	18.88
0.979	18.52
0.978	18.12
0.978	17.76
0.977	17.4
0.976	17.06
0.975	16.72
0.974	16.38
0.973	16.05
0.972	15.75
0.971	15.44
0.97	15.13
0.969	14.82
0.968	14.54
0.967	14.25
0.966	13.95
0.965	13.69
0.964	13.42
0.963	13.16
0.962	12.9
0.961	12.64
0.96	12.39
0.959	12.16
0.958	11.92
0.957	11.68
0.956	11.46
0.955	11.23
0.954	11
0.953	10.8
0.952	10.59
0.951	10.39
0.95	10.18
0.949	9.985
0.948	9.794
0.947	9.609
0.946	9.412
0.945	9.239
0.944	9.079
0.943	8.907
0.942	8.734
0.941	8.565
0.94	8.401
0.939	8.241
0.938	8.102
0.937	7.929
0.936	7.778
0.935	7.648
0.934	7.489
0.933	7.359
0.932	7.213
0.931	7.081
0.93	6.95
0.929	6.813
0.928	6.687
0.927	6.571
0.926	6.439
0.925	6.323
0.924	6.203
0.923	6.093
0.922	5.99
0.921	5.865
0.92	5.764
0.919	5.649
0.918	5.556
0.917	5.454
0.916	5.361
0.915	5.262
0.914	5.161
0.913	5.067
0.912	4.971
0.911	4.88
0.91	4.792
0.909	4.714
0.908	4.617
0.907	4.54
0.906	4.459
0.905	4.379
0.904	4.302
0.903	4.213
0.902	4.148
0.901	4.064
0.9	3.981
0.899	3.919
0.898	3.848
0.897	3.78
0.896	3.707
0.895	3.64
0.894	3.58
0.893	3.51
0.892	3.449
0.891	3.392
0.89	3.323
0.889	3.263
0.888	3.207
0.887	3.149
0.886	3.108
0.885	3.035
0.884	2.99
0.883	2.929
0.882	2.879
0.881	2.818
0.88	2.774
0.879	2.723
0.878	2.671
0.877	2.618
0.876	2.58
0.875	2.524
0.874	2.486
0.873	2.432
0.872	2.392
0.871	2.334
0.87	2.301
0.869	2.263
0.868	2.214
0.867	2.175
0.866	2.134
0.865	2.098
0.864	2.06
0.863	2.019
0.862	1.973
0.861	1.946
0.861	1.913
0.859	1.88
0.858	1.837
0.858	1.806
0.857	1.766
0.856	1.732
0.855	1.703
0.854	1.664
0.853	1.629
0.852	1.605
0.851	1.566
0.85	1.539
0.849	1.505
0.848	1.477
0.847	1.446
0.846	1.417
0.845	1.384
0.844	1.362
0.843	1.333
0.842	1.296
0.841	1.265
0.84	1.251
0.839	1.217
0.838	1.184
0.837	1.168
0.836	1.144
0.835	1.11
0.834	1.088
0.833	1.064
0.832	1.042
0.831	1.024
0.83	0.9945
0.829	0.9725
0.828	0.9449
0.827	0.9259
0.826	0.9016
0.825	0.8794
0.824	0.8566
0.823	0.8413
0.822	0.8143
0.821	0.792
0.82	0.7756
0.819	0.75
0.818	0.7275
0.817	0.7047
0.816	0.692
0.815	0.6706
0.814	0.6462
0.813	0.6264
0.812	0.6064
0.811	0.5906
0.81	0.5672
0.809	0.5527
0.808	0.5272
0.807	0.518
0.806	0.5001
0.805	0.4806
0.804	0.4588
0.803	0.4453
0.802	0.4376
0.801	0.4109
0.8	0.3955
0.799	0.377
0.798	0.3585
0.797	0.3411
0.796	0.3323
0.795	0.3024
0.794	0.2907
0.793	0.2803
0.792	0.2635
0.791	0.2265
0.79	0.2261
0.789	0.2074
0.788	0.1933
0.787	0.1756
0.786	0.1635
0.785	0.1409
0.784	0.1256
0.783	0.1147
0.782	0.09773
0.781	0.09387
0.78	0.06497
0.779	0.04961
0.778	0.03898
0.777	0.01972
0.776	0.004172
0.775	-0.008321
0.774	-0.02091
0.773	-0.03502
0.772	-0.04904
0.771	-0.05977
0.77	-0.07885
0.769	-0.09286
0.768	-0.1116
0.767	-0.1237
0.766	-0.135
0.765	-0.147
0.764	-0.1706
0.763	-0.1818
0.762	-0.1987
0.761	-0.2124
0.76	-0.224
0.759	-0.2366
0.758	-0.2507
0.757	-0.2657
0.756	-0.2832
0.755	-0.2959
0.754	-0.3033
0.753	-0.3253
0.752	-0.3361
0.751	-0.3505
0.75	-0.3629
0.749	-0.3792
0.748	-0.3995
0.747	-0.4016
0.746	-0.4129
0.745	-0.4327
0.744	-0.4434
0.743	-0.46
0.742	-0.4719
0.741	-0.4804
0.741	-0.4989
0.739	-0.5144
0.738	-0.5249
0.737	-0.5443
0.737	-0.5564
0.736	-0.5664
0.734	-0.5769
0.734	-0.6006
0.733	-0.608
0.732	-0.6235
0.731	-0.6404
0.73	-0.6472
0.729	-0.6646
0.728	-0.676
0.727	-0.6871
0.726	-0.7047
0.725	-0.7146
0.724	-0.7306
0.723	-0.742
0.722	-0.7582
0.721	-0.7674
0.72	-0.778
0.719	-0.7847
0.718	-0.8008
0.717	-0.8124
0.716	-0.8298
0.715	-0.8492
0.714	-0.8525
0.713	-0.8702
0.712	-0.8831
0.711	-0.8925
0.71	-0.9152
0.709	-0.914
0.708	-0.9288
0.707	-0.9452
0.706	-0.9634
0.705	-0.9755
0.704	-0.9848
0.703	-0.9953
0.702	-1.012
0.701	-1.026
0.7	-1.035
0.699	-1.052
0.698	-1.057
0.697	-1.076
0.696	-1.084
0.695	-1.1
0.694	-1.109
0.693	-1.126
0.692	-1.132
0.691	-1.149
0.69	-1.16
0.689	-1.169
0.688	-1.179
0.687	-1.187
0.686	-1.202
0.685	-1.222
0.684	-1.231
0.683	-1.24
0.682	-1.255
0.681	-1.264
0.68	-1.281
0.679	-1.281
0.678	-1.293
0.677	-1.308
0.676	-1.321
0.675	-1.332
0.674	-1.347
0.673	-1.351
0.672	-1.362
0.671	-1.365
0.67	-1.379
0.669	-1.388
0.668	-1.41
0.667	-1.413
0.666	-1.425
0.665	-1.443
0.664	-1.451
0.663	-1.464
0.662	-1.461
0.661	-1.478
0.66	-1.49
0.659	-1.498
0.658	-1.501
0.657	-1.515
0.656	-1.529
0.655	-1.531
0.654	-1.546
0.653	-1.554
0.652	-1.566
0.651	-1.575
0.65	-1.586
0.649	-1.589
0.648	-1.597
0.647	-1.609
0.646	-1.616
0.645	-1.626
0.644	-1.635
0.643	-1.646
0.642	-1.649
0.641	-1.658
0.64	-1.667
0.639	-1.674
0.638	-1.684
0.637	-1.693
0.636	-1.698
0.635	-1.709
0.634	-1.707
0.633	-1.717
0.632	-1.724
0.631	-1.738
0.63	-1.739
0.629	-1.745
0.628	-1.758
0.627	-1.76
0.626	-1.765
0.625	-1.775
0.624	-1.781
0.623	-1.792
0.622	-1.796
0.621	-1.797
0.62	-1.814
0.619	-1.807
0.618	-1.819
0.617	-1.827
0.617	-1.834
0.616	-1.838
0.614	-1.846
0.614	-1.843
0.613	-1.853
0.612	-1.862
0.611	-1.863
0.61	-1.871
0.609	-1.876
0.608	-1.881
0.607	-1.885
0.606	-1.884
0.605	-1.88
0.604	-1.894
0.603	-1.903
0.602	-1.905
0.601	-1.91
0.6	-1.917
0.599	-1.914
0.598	-1.92
0.597	-1.929
0.596	-1.927
0.595	-1.934
0.594	-1.939
0.593	-1.946
0.592	-1.942
0.591	-1.942
0.59	-1.956
0.589	-1.958
0.588	-1.954
0.587	-1.963
0.586	-1.972
0.585	-1.967
0.584	-1.98
0.583	-1.974
0.582	-1.975
0.581	-1.973
0.58	-1.978
0.579	-1.982
0.578	-1.984
0.577	-1.991
0.576	-1.99
0.575	-1.995
0.574	-1.993
0.573	-2.002
0.572	-1.994
0.571	-2.003
0.57	-2.003
0.569	-2.009
0.568	-2.007
0.567	-2.011
0.566	-2.018
0.565	-2.015
0.564	-2.017
0.563	-2.02
0.562	-2.016
0.561	-2.02
0.56	-2.026
0.559	-2.026
0.558	-2.025
0.557	-2.033
0.556	-2.027
0.555	-2.034
0.554	-2.033
0.553	-2.035
0.552	-2.037
0.551	-2.042
0.55	-2.037
0.549	-2.039
0.548	-2.04
0.547	-2.041
0.546	-2.042
0.545	-2.046
0.544	-2.044
0.543	-2.045
0.542	-2.052
0.541	-2.046
0.54	-2.054
0.539	-2.053
0.538	-2.054
0.537	-2.055
0.536	-2.058
0.535	-2.058
0.534	-2.061
0.533	-2.065
0.532	-2.062
0.531	-2.064
0.53	-2.065
0.529	-2.067
0.528	-2.069
0.527	-2.069
0.526	-2.075
0.525	-2.068
0.524	-2.074
0.523	-2.071
0.522	-2.077
0.521	-2.07
0.52	-2.074
0.519	-2.075
0.518	-2.077
0.517	-2.079
0.516	-2.08
0.515	-2.082
0.514	-2.085
0.513	-2.085
0.512	-2.088
0.511	-2.091
0.51	-2.092
0.509	-2.095
0.508	-2.096
0.507	-2.095
0.506	-2.101
0.505	-2.109
0.504	-2.102
0.503	-2.107
0.502	-2.105
0.501	-2.116
0.5	-2.118
0.499	-2.119
0.498	-2.119
0.497	-2.122
0.496	-2.124
0.496	-2.125
0.494	-2.124
0.493	-2.125
0.493	-2.131
0.492	-2.137
0.491	-2.141
0.49	-2.141
0.489	-2.143
0.488	-2.144
0.487	-2.145
0.486	-2.155
0.485	-2.159
0.484	-2.162
0.483	-2.166
0.482	-2.167
0.481	-2.174
0.48	-2.176
0.479	-2.176
0.478	-2.181
0.477	-2.183
0.476	-2.19
0.475	-2.193
0.474	-2.199
0.473	-2.206
0.472	-2.21
0.471	-2.22
0.47	-2.216
0.469	-2.223
0.468	-2.224
0.467	-2.237
0.466	-2.237
0.465	-2.244
0.464	-2.253
0.463	-2.253
0.462	-2.263
0.461	-2.264
0.46	-2.269
0.459	-2.273
0.458	-2.283
0.457	-2.287
0.456	-2.294
0.455	-2.302
0.454	-2.303
0.453	-2.313
0.452	-2.324
0.451	-2.33
0.45	-2.342
0.449	-2.341
0.448	-2.351
0.447	-2.359
0.446	-2.369
0.445	-2.368
0.444	-2.381
0.443	-2.392
0.442	-2.402
0.441	-2.405
0.44	-2.414
0.439	-2.428
0.438	-2.429
0.437	-2.439
0.436	-2.444
0.435	-2.45
0.434	-2.467
0.433	-2.476
0.432	-2.481
0.431	-2.494
0.43	-2.499
0.429	-2.514
0.428	-2.524
0.427	-2.532
0.426	-2.548
0.425	-2.558
0.424	-2.56
0.423	-2.577
0.422	-2.592
0.421	-2.602
0.42	-2.613
0.419	-2.628
0.418	-2.632
0.417	-2.652
0.416	-2.661
0.415	-2.672
0.414	-2.684
0.413	-2.703
0.412	-2.702
0.411	-2.725
0.41	-2.737
0.409	-2.754
0.408	-2.756
0.407	-2.773
0.406	-2.79
0.405	-2.806
0.404	-2.815
0.403	-2.837
0.402	-2.862
0.401	-2.857
0.4	-2.885
0.399	-2.895
0.398	-2.91
0.397	-2.928
0.396	-2.945
0.395	-2.956
0.394	-2.977
0.393	-2.993
0.392	-3.009
0.391	-3.025
0.39	-3.055
0.389	-3.062
0.388	-3.082
0.387	-3.099
0.386	-3.115
0.385	-3.136
0.384	-3.158
0.383	-3.177
0.382	-3.199
0.381	-3.216
0.38	-3.228
0.379	-3.249
0.378	-3.263
0.377	-3.293
0.376	-3.309
0.376	-3.334
0.374	-3.353
0.373	-3.374
0.373	-3.399
0.372	-3.423
0.371	-3.441
0.369	-3.469
0.369	-3.482
0.368	-3.511
0.367	-3.537
0.366	-3.557
0.365	-3.577
0.364	-3.601
0.363	-3.633
0.362	-3.652
0.361	-3.685
0.36	-3.708
0.359	-3.721
0.358	-3.757
0.357	-3.777
0.356	-3.8
0.355	-3.83
0.354	-3.862
0.353	-3.893
0.352	-3.904
0.351	-3.938
0.35	-3.959
0.349	-3.984
0.348	-4.016
0.347	-4.048
0.346	-4.066
0.345	-4.101
0.344	-4.129
0.343	-4.159
0.342	-4.186
0.341	-4.214
0.34	-4.253
0.339	-4.278
0.338	-4.302
0.337	-4.338
0.336	-4.371
0.335	-4.397
0.334	-4.426
0.333	-4.459
0.332	-4.493
0.331	-4.52
0.33	-4.556
0.329	-4.583
0.328	-4.621
0.327	-4.651
0.326	-4.67
0.325	-4.72
0.324	-4.747
0.323	-4.767
0.322	-4.811
0.321	-4.827
0.32	-4.868
0.319	-4.9
0.318	-4.929
0.317	-4.959
0.316	-4.982
0.315	-5.031
0.314	-5.062
0.313	-5.091
0.312	-5.128
0.311	-5.156
0.31	-5.175
0.309	-5.219
0.308	-5.261
0.307	-5.292
0.306	-5.316
0.305	-5.361
0.304	-5.385
0.303	-5.42
0.302	-5.451
0.301	-5.48
0.3	-5.499
0.299	-5.534
0.298	-5.561
0.297	-5.592
0.296	-5.613
0.295	-5.648
0.294	-5.671
0.293	-5.7
0.292	-5.714
0.291	-5.74
0.29	-5.771
0.289	-5.791
0.288	-5.805
0.287	-5.823
0.286	-5.851
0.285	-5.871
0.284	-5.888
0.283	-5.905
0.282	-5.909
0.281	-5.944
0.28	-6.339
0.279	-6.388
0.278	-6.422
0.277	-6.455
0.276	-6.496
0.275	-6.544
0.274	-6.57
0.273	-6.613
0.272	-6.654
0.271	-6.697
0.27	-6.737
0.269	-6.766
0.268	-6.815
0.267	-6.833
0.266	-6.883
0.265	-6.92
0.264	-6.959
0.263	-6.994
0.262	-7.029
0.261	-7.069
0.26	-7.126
0.259	-7.142
0.258	-7.201
0.257	-7.221
0.256	-7.271
0.256	-7.302
0.254	-7.345
0.253	-7.389
0.252	-7.421
0.252	-7.454
0.251	-7.509
0.249	-7.532
0.249	-7.563
0.248	-7.604
0.247	-7.657
0.246	-7.683
0.245	-7.727
0.244	-7.775
0.243	-7.798
0.242	-7.844
0.241	-7.88
0.24	-7.907
0.239	-7.918
0.238	-7.967
0.237	-8.012
0.236	-8.045
0.235	-8.074
0.234	-8.135
0.233	-8.152
0.232	-8.209
0.231	-8.236
0.23	-8.271
0.229	-8.307
0.228	-8.336
0.227	-8.383
0.226	-8.42
0.225	-8.467
0.224	-8.494
0.223	-8.514
0.222	-8.568
0.221	-8.592
0.22	-8.625
0.219	-8.662
0.218	-8.69
0.217	-8.735
0.216	-8.77
0.215	-8.808
0.214	-8.855
0.213	-8.883
0.212	-8.919
0.211	-8.935
0.21	-8.969
0.209	-9.006
0.208	-9.034
0.207	-9.062
0.206	-9.097
0.205	-9.146
0.204	-9.166
0.203	-9.199
0.202	-9.224
0.201	-9.266
0.2	-9.303
0.199	-9.345
0.198	-9.362
0.197	-9.4
0.196	-9.439
0.195	-9.464
0.194	-9.499
0.193	-9.535
0.192	-9.569
0.191	-9.595
0.19	-9.629
0.189	-9.672
0.188	-9.703
0.187	-9.735
0.186	-9.759
0.185	-9.791
0.184	-9.821
0.183	-9.828
0.182	-9.867
0.181	-9.916
0.18	-9.939
0.181	-9.539
0.182	-9.191
0.183	-8.868
0.184	-8.569
0.185	-8.281
0.186	-8.004
0.187	-7.758
0.188	-7.509
0.189	-7.274
