Potential(V)	Current(uA)
0.19003963470459	4.59744453430176
0.189023971557617	4.50636863708496
0.188008308410645	4.41815376281738
0.187070846557617	4.35043811798096
0.186055183410645	4.29464817047119
0.185039520263672	4.21597003936768
0.184023857116699	4.15302753448486
0.183086395263672	4.10820484161377
0.182070732116699	4.04430866241455
0.181055068969727	3.98756504058838
0.180117607116699	3.92176151275635
0.179101943969727	3.87932300567627
0.178086280822754	3.82591724395752
0.177148818969727	3.76678943634033
0.176133155822754	3.72053623199463
0.175117492675781	3.6699914932251
0.174180030822754	3.62659931182861
0.173164367675781	3.57700824737549
0.172148704528809	3.52694034576416
0.171133041381836	3.48164081573486
0.170195579528809	3.442063331604
0.169179916381836	3.3958101272583
0.16816520690918	3.35146427154541
0.167226791381836	3.30759525299072
0.16621208190918	3.28136920928955
0.165196418762207	3.23034763336182
0.164258003234863	3.18933963775635
0.163243293762207	3.15310001373291
0.162227630615234	3.11208724975586
0.161211967468262	3.08347702026367
0.160274505615234	3.04485321044922
0.159258842468262	3.00384521484375
0.158243179321289	2.97094345092773
0.157305717468262	2.93661117553711
0.156290054321289	2.89941787719727
0.155274391174316	2.87128448486328
0.154336929321289	2.85078048706055
0.153321266174316	2.8131103515625
0.152305603027344	2.77639389038086
0.151368141174316	2.75064468383789
0.150352478027344	2.71583557128906
0.149336814880371	2.68627166748047
0.148321151733398	2.65909194946289
0.147383689880371	2.62905120849609
0.146368026733398	2.5999641418457
0.145352363586426	2.57135391235352
0.144414901733398	2.5541877746582
0.143399238586426	2.52414703369141
0.142383575439453	2.49887466430664
0.141446113586426	2.47074127197266
0.140430450439453	2.45119094848633
0.13941478729248	2.42305755615234
0.138399124145508	2.38777160644531
0.13746166229248	2.37346649169922
0.136445999145508	2.34962463378906
0.135430335998535	2.32959747314453
0.134492874145508	2.30289459228516
0.133477210998535	2.28239059448242
0.132461547851563	2.25807189941406
0.131524085998535	2.23184585571289
0.130508422851563	2.20561981201172
0.12949275970459	2.19512939453125
0.128555297851563	2.16508865356445
0.12753963470459	2.14982986450195
0.126523971557617	2.13695526123047
0.125508308410645	2.11025238037109
0.124570846557617	2.09356307983398
0.123555183410645	2.08211898803711
0.122539520263672	2.05875396728516
0.121602058410645	2.0353889465332
0.120586395263672	2.01440811157227
0.119570732116699	2.00201034545898
0.118633270263672	1.98293685913086
0.117617607116699	1.96481704711914
0.116601943969727	1.94478988647461
0.115586280822754	1.93143844604492
0.114648818969727	1.91427230834961
0.113633155822754	1.89901351928711
0.112617492675781	1.86896800994873
0.111680030822754	1.85943126678467
0.110664367675781	1.84178829193115
0.109648704528809	1.82176113128662
0.108711242675781	1.82080745697021
0.107695579528809	1.79982662200928
0.106679916381836	1.78218364715576
0.105742454528809	1.76549434661865
0.104726791381836	1.75166606903076
0.103711128234863	1.73402309417725
0.102695465087891	1.72162532806396
0.101758003234863	1.69921398162842
0.100742340087891	1.68872356414795
0.099726676940918	1.67632579803467
0.0987892150878906	1.66392803192139
0.097773551940918	1.64723873138428
0.0967578887939453	1.64103984832764
0.095820426940918	1.63293361663818
0.0948047637939453	1.61052227020264
0.0937891006469727	1.59860134124756
0.0928516387939453	1.57809734344482
0.0918359756469727	1.57237529754639
0.0908203125	1.56236171722412
0.0898046493530273	1.54805660247803
0.0888671875	1.54185771942139
0.0878515243530273	1.52659893035889
0.0868358612060547	1.51134014129639
0.0858983993530273	1.50037288665771
0.0848827362060547	1.48988246917725
0.083867073059082	1.47748470306396
0.0829296112060547	1.45507335662842
0.081913948059082	1.4526891708374
0.0808992385864258	1.44410610198975
0.0798835754394531	1.42503261566162
0.0789461135864258	1.42026424407959
0.0779304504394531	1.41358852386475
0.0769147872924805	1.39785289764404
0.0759773254394531	1.38450145721436
0.0749616622924805	1.37067317962646
0.0739459991455078	1.35589122772217
0.0730085372924805	1.35493755340576
0.0719928741455078	1.34063243865967
0.0709772109985352	1.32871150970459
0.0700397491455078	1.32298946380615
0.0690240859985352	1.31059169769287
0.0680084228515625	1.2996244430542
0.0669927597045898	1.29104137420654
0.0660552978515625	1.2843656539917
0.0650396347045898	1.28245830535889
0.0640239715576172	1.26433849334717
0.0630865097045898	1.25241756439209
0.0620708465576172	1.24001979827881
0.0610551834106445	1.23954296112061
0.0601177215576172	1.22666835784912
0.0591020584106445	1.21474742889404
0.0580863952636719	1.20282649993896
0.0570707321166992	1.20089530944824
0.0561332702636719	1.19197845458984
0.0551176071166992	1.17905569076538
0.0541019439697266	1.16751623153687
0.0531644821166992	1.15621519088745
0.0521488189697266	1.15411710739136
0.0511331558227539	1.13928747177124
0.0501956939697266	1.13742780685425
0.0491800308227539	1.12512540817261
0.0481643676757813	1.11883115768433
0.0472269058227539	1.11372900009155
0.0462112426757813	1.10099744796753
0.0451955795288086	1.08592939376831
0.0441799163818359	1.07176733016968
0.0432424545288086	1.07620191574097
0.0422267913818359	1.0666651725769
0.0412111282348633	1.06108570098877
0.0402736663818359	1.05145359039307
0.0392580032348633	1.0416784286499
0.0382423400878906	1.02818393707275
0.0373048782348633	1.02579975128174
0.0362892150878906	1.02155590057373
0.035273551940918	1.00958728790283
0.0342578887939453	1.00267314910889
0.033320426940918	0.995139122009277
0.0323047637939453	0.990132331848145
0.0312891006469727	0.981692314147949
0.0303516387939453	0.983885765075684
0.0293359756469727	0.965432167053223
0.0283203125	0.95732593536377
0.0273828506469727	0.95274829864502
0.0263671875	0.941590309143066
0.0253515243530273	0.940493583679199
0.0244140625	0.927713871002197
0.0233983993530273	0.919512271881104
0.0223827362060547	0.909546375274658
0.021367073059082	0.9098801612854
0.0204296112060547	0.907400608062744
0.019413948059082	0.902298450469971
0.0183982849121094	0.88694429397583
0.017460823059082	0.888184070587158
0.0164451599121094	0.874212741851807
0.0154294967651367	0.870827198028564
0.0144920349121094	0.854185581207275
0.0134763717651367	0.863102436065674
0.0124607086181641	0.85180139541626
0.0114450454711914	0.853947162628174
0.0105075836181641	0.836113452911377
0.00949192047119141	0.83206033706665
0.00847625732421875	0.825050830841064
0.00753879547119141	0.818089008331299
0.00652313232421875	0.816944599151611
0.00550746917724609	0.792673110961914
0.00457000732421875	0.792816162109375
0.00355434417724609	0.800159454345703
0.00253868103027344	0.788810729980469
0.00160121917724609	0.776317596435547
5.85556030273438E-4	0.780895233154297
-4.30107116699219E-4	0.768878936767578
-0.00144481658935547	0.761249542236328
-0.00238323211669922	0.749805450439453
-0.00339794158935547	0.747945785522461
-0.00441360473632813	0.74327278137207
-0.00535202026367188	0.736978530883789
-0.00636672973632813	0.733306884765625
-0.00738239288330078	0.717189788818359
-0.00831985473632813	0.711706161499023
-0.00933551788330078	0.714614868164063
-0.0103511810302734	0.700691223144531
-0.0113668441772461	0.694206237792969
-0.0123043060302734	0.698736190795898
-0.0133199691772461	0.693061828613281
-0.0143356323242188	0.682857036590576
-0.0152730941772461	0.679280757904053
-0.0162887573242188	0.678327083587646
-0.0173044204711914	0.668933391571045
-0.0182418823242188	0.661733150482178
-0.0192575454711914	0.658252239227295
-0.0202732086181641	0.651147365570068
-0.0212106704711914	0.650336742401123
-0.0222263336181641	0.63617467880249
-0.0232419967651367	0.636985301971436
-0.0242576599121094	0.62387228012085
-0.0251951217651367	0.620582103729248
-0.0262107849121094	0.6101393699646
-0.027226448059082	0.609996318817139
-0.0281639099121094	0.609138011932373
-0.029179573059082	0.600507259368896
-0.0301952362060547	0.596930980682373
-0.031132698059082	0.588681697845459
-0.0321483612060547	0.58119535446167
-0.0331640243530273	0.579907894134521
-0.0341796875	0.576236248016357
-0.0351171493530273	0.565125942230225
-0.0361328125	0.560738563537598
-0.0371484756469727	0.563123226165771
-0.0380859375	0.546624183654785
-0.0391016006469727	0.542952537536621
-0.0401172637939453	0.541426658630371
-0.0410547256469727	0.526167869567871
-0.0420703887939453	0.533749580383301
-0.043086051940918	0.531746864318848
-0.0440235137939453	0.523163795471191
-0.045039176940918	0.523068428039551
-0.0460548400878906	0.504805564880371
-0.0470705032348633	0.499131202697754
-0.0480079650878906	0.504042625427246
-0.0490236282348633	0.488306999206543
-0.0500392913818359	0.491883277893066
-0.0509767532348633	0.48320484161377
-0.0519924163818359	0.481535911560059
-0.0530080795288086	0.473095893859863
-0.0539455413818359	0.470234870910645
-0.0549612045288086	0.45736026763916
-0.0559768676757813	0.457646369934082
-0.0569143295288086	0.452258110046387
-0.0579299926757813	0.436378955841064
-0.0589456558227539	0.432993412017822
-0.0599613189697266	0.437905311584473
-0.0608987808227539	0.431515216827393
-0.0619144439697266	0.424267292022705
-0.0629301071166992	0.414873600006104
-0.0638675689697266	0.415255069732666
-0.0648832321166992	0.41124963760376
-0.0658988952636719	0.405527591705322
-0.0668363571166992	0.397373676300049
-0.0678520202636719	0.38540506362915
-0.0688676834106445	0.384832859039307
-0.0698833465576172	0.382019519805908
-0.0708208084106445	0.383926868438721
-0.0718364715576172	0.370337009429932
-0.0728521347045898	0.360561847686768
-0.0737895965576172	0.364567279815674
-0.0748052597045898	0.357080936431885
-0.0758209228515625	0.357223987579346
-0.0767583847045898	0.34721040725708
-0.0777740478515625	0.336910724639893
-0.0787897109985352	0.334478855133057
-0.0797271728515625	0.331188678741455
-0.0807428359985352	0.320030689239502
-0.0817584991455078	0.315071582794189
-0.0827741622924805	0.316883563995361
-0.0837116241455078	0.307394027709961
-0.0847272872924805	0.303293228149414
-0.0857429504394531	0.293088912963867
-0.0866804122924805	0.288558959960938
-0.0876960754394531	0.28889274597168
-0.0887107849121094	0.273157119750977
-0.0896492004394531	0.273967742919922
-0.0906639099121094	0.266958236694336
-0.091679573059082	0.269533157348633
-0.0926952362060547	0.260473251342773
-0.093632698059082	0.259757995605469
-0.0946483612060547	0.249792098999023
-0.0956640243530273	0.244546890258789
-0.0966014862060547	0.243736267089844
-0.0976171493530273	0.234533309936523
-0.0986328125	0.227428436279297
-0.0995702743530273	0.225378036499023
-0.1005859375	0.20954704284668
-0.101601600646973	0.208164215087891
-0.1025390625	0.21269416809082
-0.103554725646973	0.203586578369141
-0.104570388793945	0.198102951049805
-0.105586051940918	0.179505825042725
-0.106523513793945	0.188613891601563
-0.107539176940918	0.183082103729248
-0.108554840087891	0.171018123626709
-0.109492301940918	0.162101268768311
-0.110507965087891	0.161290645599365
-0.111523628234863	0.148463726043701
-0.112461090087891	0.148654460906982
-0.113476753234863	0.143456935882568
-0.114492416381836	0.145936489105225
-0.115508079528809	0.14069128036499
-0.116445541381836	0.128102779388428
-0.117461204528809	0.124669551849365
-0.118476867675781	0.119376659393311
-0.119414329528809	0.113749980926514
-0.120429992675781	0.108790874481201
-0.121445655822754	0.100017070770264
-0.122383117675781	0.093198299407959
-0.123398780822754	0.0894789695739746
-0.124414443969727	0.0899558067321777
-0.125351905822754	0.068784236907959
-0.126367568969727	0.0681166648864746
-0.127383232116699	0.0716452598571777
-0.128398895263672	0.0587224960327148
-0.129336357116699	0.0548124313354492
-0.130352020263672	0.0439882278442383
-0.131367683410645	0.0416994094848633
-0.132305145263672	0.0367403030395508
-0.133320808410645	0.0244379043579102
-0.134336471557617	0.0270605087280273
-0.135273933410645	0.020909309387207
-0.136289596557617	0.00302791595458984
-0.13730525970459	0.012516975402832
-0.138320922851563	4.05311584472656E-4
-0.13925838470459	0.00216960906982422
-0.140274047851563	-0.00846385955810547
-0.141289710998535	-0.0191450119018555
-0.142227172851563	-0.0234365463256836
-0.143242835998535	-0.0295400619506836
-0.144258499145508	-0.0381708145141602
-0.145195960998535	-0.0411272048950195
-0.146211624145508	-0.056004524230957
-0.14722728729248	-0.0554323196411133
-0.148164749145508	-0.0604867935180664
-0.14918041229248	-0.069404125213623
-0.150196075439453	-0.075650691986084
-0.151211738586426	-0.079465389251709
-0.152149200439453	-0.084805965423584
-0.153164863586426	-0.100112438201904
-0.154180526733398	-0.10101842880249
-0.155117988586426	-0.108361721038818
-0.156133651733398	-0.113654613494873
-0.157149314880371	-0.123572826385498
-0.158086776733398	-0.128674983978271
-0.159102439880371	-0.1360182762146
-0.160118103027344	-0.139642238616943
-0.161133766174316	-0.145125865936279
-0.162071228027344	-0.147510051727295
-0.163086891174316	-0.159383296966553
-0.164102554321289	-0.162292003631592
-0.165040016174316	-0.173640727996826
-0.166055679321289	-0.180221080780029
-0.167071342468262	-0.178981304168701
-0.168008804321289	-0.190092086791992
-0.169024467468262	-0.191188812255859
-0.170040130615234	-0.199151992797852
-0.170977592468262	-0.21717643737793
-0.171993255615234	-0.224472045898438
-0.173007965087891	-0.222040176391602
-0.174023628234863	-0.232006072998047
-0.174961090087891	-0.226760864257813
-0.175976753234863	-0.248790740966797
-0.176992416381836	-0.250364303588867
-0.177929878234863	-0.265146255493164
-0.178945541381836	-0.264860153198242
-0.179961204528809	-0.276113510131836
-0.180898666381836	-0.280643463134766
-0.181914329528809	-0.284553527832031
-0.182929992675781	-0.293136596679688
-0.183867454528809	-0.303007125854492
-0.184883117675781	-0.307012557983398
-0.185898780822754	-0.309921264648438
-0.186914443969727	-0.328375339508057
-0.187851905822754	-0.323368549346924
-0.188867568969727	-0.340868473052979
-0.189883232116699	-0.348545551300049
-0.190820693969727	-0.352026462554932
-0.191836357116699	-0.360228061676025
-0.192852020263672	-0.370337009429932
-0.193789482116699	-0.37772798538208
-0.194805145263672	-0.389601230621338
-0.195820808410645	-0.391651630401611
-0.196836471557617	-0.392176151275635
-0.197773933410645	-0.407196521759033
-0.198789596557617	-0.417877674102783
-0.19980525970459	-0.421167850494385
-0.200742721557617	-0.425364017486572
-0.20175838470459	-0.448395729064941
-0.202774047851563	-0.444485664367676
-0.20371150970459	-0.455500602722168
-0.204727172851563	-0.463082313537598
-0.205742835998535	-0.465418815612793
-0.206680297851563	-0.481345176696777
-0.207695960998535	-0.494791984558105
-0.208711624145508	-0.491549491882324
-0.20972728729248	-0.505806922912598
-0.210664749145508	-0.516201972961426
-0.21168041229248	-0.514866828918457
-0.212696075439453	-0.529601097106934
-0.21363353729248	-0.535037040710449
-0.214649200439453	-0.553061485290527
-0.215664863586426	-0.558306694030762
-0.216602325439453	-0.560261726379395
-0.217617988586426	-0.561501502990723
-0.218633651733398	-0.584867000579834
-0.219649314880371	-0.589301586151123
-0.220586776733398	-0.596740245819092
-0.221602439880371	-0.610854625701904
-0.222618103027344	-0.613620281219482
-0.223555564880371	-0.622298717498779
-0.224571228027344	-0.625064373016357
-0.225586891174316	-0.643994808197021
-0.226524353027344	-0.66049337387085
-0.227540016174316	-0.665547847747803
-0.228555679321289	-0.673463344573975
-0.229493141174316	-0.68042516708374
-0.230508804321289	-0.690534591674805
-0.231524467468262	-0.705936431884766
-0.232540130615234	-0.706890106201172
-0.233477592468262	-0.725677490234375
-0.234493255615234	-0.733974456787109
-0.235508918762207	-0.740793228149414
-0.236446380615234	-0.749853134155273
-0.237462043762207	-0.763824462890625
-0.23847770690918	-0.774314880371094
-0.239415168762207	-0.782993316650391
-0.24043083190918	-0.798776626586914
-0.241446495056152	-0.804021835327148
-0.242462158203125	-0.818422794342041
-0.243399620056152	-0.829294681549072
-0.244415283203125	-0.844648838043213
-0.245430946350098	-0.849894046783447
-0.246368408203125	-0.862816333770752
-0.247384071350098	-0.874927997589111
-0.24839973449707	-0.8793625831604
-0.249337196350098	-0.891331195831299
-0.25035285949707	-0.903347492218018
-0.251368522644043	-0.918653964996338
-0.25230598449707	-0.933245182037354
-0.253321647644043	-0.943306922912598
-0.254337310791016	-0.957850456237793
-0.255352020263672	-0.97110652923584
-0.256290435791016	-0.975445747375488
-0.257306098937988	-0.995091438293457
-0.258320808410645	-1.01154232025146
-0.259259223937988	-1.01926708221436
-0.260273933410645	-1.03218936920166
-0.261289596557617	-1.04978466033936
-0.262227058410645	-1.05460071563721
-0.263242721557617	-1.07629728317261
-0.26425838470459	-1.08936262130737
-0.265274047851563	-1.09990072250366
-0.26621150970459	-1.10857915878296
-0.267227172851563	-1.13103818893433
-0.268242835998535	-1.13795232772827
-0.269180297851563	-1.14829969406128
-0.270195960998535	-1.1697096824646
-0.271211624145508	-1.17981863021851
-0.272149085998535	-1.20018005371094
-0.273164749145508	-1.21601104736328
-0.27418041229248	-1.22817039489746
-0.275117874145508	-1.24066352844238
-0.27613353729248	-1.2590217590332
-0.277149200439453	-1.27466201782227
-0.278164863586426	-1.28777503967285
-0.279102325439453	-1.30770683288574
-0.280117988586426	-1.32239389419556
-0.281133651733398	-1.33770036697388
-0.282071113586426	-1.35520029067993
-0.283086776733398	-1.37141275405884
-0.284102439880371	-1.3809494972229
-0.285039901733398	-1.40083360671997
-0.286055564880371	-1.423912525177
-0.287071228027344	-1.43640565872192
-0.288086891174316	-1.45552730560303
-0.289024353027344	-1.47188282012939
-0.290040016174316	-1.48962116241455
-0.291055679321289	-1.50817012786865
-0.291993141174316	-1.53134441375732
-0.293008804321289	-1.55952548980713
-0.294024467468262	-1.57163763046265
-0.294961929321289	-1.59133100509644
-0.295977592468262	-1.60177373886108
-0.296993255615234	-1.62742757797241
-0.297930717468262	-1.652747631073
-0.298946380615234	-1.66910314559937
-0.299962043762207	-1.67849683761597
-0.30097770690918	-1.70524787902832
-0.301915168762207	-1.7288990020752
-0.30293083190918	-1.75045204162598
-0.303946495056152	-1.76737976074219
-0.30488395690918	-1.79665756225586
-0.305899620056152	-1.81663751602173
-0.306915283203125	-1.84248208999634
-0.307852745056152	-1.85979127883911
-0.308868408203125	-1.88530206680298
-0.309884071350098	-1.90714120864868
-0.310821533203125	-1.93312883377075
-0.311837196350098	-1.94829273223877
-0.31285285949707	-1.98248195648193
-0.313868522644043	-2.00985240936279
-0.31480598449707	-2.03221607208252
-0.315821647644043	-2.05643939971924
-0.316837310791016	-2.07846975326538
-0.317774772644043	-2.10278844833374
-0.318790435791016	-2.13025426864624
-0.319806098937988	-2.1581015586853
-0.320743560791016	-2.18609189987183
-0.321759223937988	-2.21517944335938
-0.322774887084961	-2.24145317077637
-0.323790550231934	-2.26910972595215
-0.324728012084961	-2.29571747779846
-0.325743675231934	-2.32132363319397
-0.326759338378906	-2.35260438919067
-0.327696800231934	-2.38965463638306
-0.328712463378906	-2.40663027763367
-0.329728126525879	-2.4489734172821
-0.330665588378906	-2.47434139251709
-0.331681251525879	-2.50757694244385
-0.332696914672852	-2.52912998199463
-0.333634376525879	-2.57161641120911
-0.334650039672852	-2.61081266403198
-0.335665702819824	-2.64109182357788
-0.336681365966797	-2.67704558372498
-0.337618827819824	-2.70451140403748
-0.338634490966797	-2.75052642822266
-0.33965015411377	-2.78071022033691
-0.340587615966797	-2.81056046485901
-0.34160327911377	-2.85748147964478
-0.342617988586426	-2.89014482498169
-0.34355640411377	-2.92171168327332
-0.344571113586426	-2.97006320953369
-0.345586776733398	-3.00892543792725
-0.346602439880371	-3.05517888069153
-0.347539901733398	-3.08235859870911
-0.348555564880371	-3.13042402267456
-0.349571228027344	-3.17009711265564
-0.350508689880371	-3.21768546104431
-0.351524353027344	-3.25168418884277
-0.352540016174316	-3.29903435707092
-0.353477478027344	-3.34361863136292
-0.354493141174316	-3.39025354385376
-0.355508804321289	-3.43188166618347
-0.356446266174316	-3.49201107025146
-0.357461929321289	-3.52815532684326
-0.358477592468262	-3.57679295539856
-0.359493255615234	-3.63058042526245
-0.360430717468262	-3.68174529075623
-0.361446380615234	-3.73319625854492
-0.362462043762207	-3.7937548160553
-0.363399505615234	-3.84277367591858
-0.364415168762207	-3.89322328567505
-0.36543083190918	-3.94915652275085
-0.366368293762207	-4.01934719085693
-0.36738395690918	-4.07604312896729
-0.368399620056152	-4.12792348861694
-0.369415283203125	-4.18299865722656
-0.370352745056152	-4.24861145019531
-0.371368408203125	-4.31141090393066
-0.372384071350098	-4.38308000564575
-0.373321533203125	-4.44201755523682
-0.374337196350098	-4.51130199432373
-0.37535285949707	-4.57791614532471
-0.376290321350098	-4.64801168441772
-0.37730598449707	-4.71066856384277
-0.378321647644043	-4.78367233276367
-0.37925910949707	-4.85248041152954
-0.380274772644043	-4.93468761444092
-0.381290435791016	-5.0048303604126
-0.382306098937988	-5.06238460540771
-0.383243560791016	-5.15298414230347
-0.384259223937988	-5.21101570129395
-0.385274887084961	-5.29937362670898
-0.386212348937988	-5.3786244392395
-0.387228012084961	-5.45987796783447
-0.388243675231934	-5.53335857391357
-0.389181137084961	-5.60340642929077
-0.390196800231934	-5.6817512512207
-0.391212463378906	-5.76157379150391
-0.392228126525879	-5.83495950698853
-0.393165588378906	-5.88435983657837
-0.394181251525879	-5.941819190979
-0.395196914672852	-6.24063014984131
-0.396134376525879	-6.345534324646
-0.397150039672852	-6.44471645355225
-0.398165702819824	-6.55391216278076
-0.399103164672852	-6.66501522064209
-0.400118827819824	-6.76896572113037
-0.401134490966797	-6.8829345703125
-0.402071952819824	-6.99594497680664
-0.403087615966797	-7.11515426635742
-0.40410327911377	-7.23865509033203
-0.405118942260742	-7.35786437988281
-0.40605640411377	-7.47087478637695
-0.407072067260742	-7.60820388793945
-0.408087730407715	-7.73170471191406
-0.409025192260742	-7.85091400146484
-0.410040855407715	-7.99444198608398
-0.411056518554688	-8.11794281005859
-0.411993980407715	-8.27530384063721
-0.413009643554688	-8.40786457061768
-0.41402530670166	-8.55091571807861
-0.415040969848633	-8.69778156280518
-0.41597843170166	-8.85179996490479
-0.416994094848633	-8.99866580963135
-0.418009757995605	-9.15077686309814
-0.418947219848633	-9.30956363677979
-0.419962882995605	-9.47884559631348
-0.420978546142578	-9.63334083557129
-0.421916007995605	-9.80643272399902
-0.422931671142578	-9.97761726379395
-0.423947334289551	-10.1530933380127
-0.424884796142578	-10.3295230865479
-0.425900459289551	-10.5073833465576
-0.426915168762207	-10.6904935836792
-0.42793083190918	-10.877890586853
-0.428869247436523	-11.0686254501343
-0.42988395690918	-11.2731885910034
-0.430899620056152	-11.4663076400757
-0.43183708190918	-11.671347618103
-0.432852745056152	-11.8768692016602
-0.433868408203125	-12.09716796875
-0.434805870056152	-12.3069763183594
-0.435821533203125	-12.5244140625
-0.436837196350098	-12.7513885498047
-0.437774658203125	-12.9464149475098
-0.438790321350098	-13.1881761550903
-0.43980598449707	-13.4161043167114
-0.440821647644043	-13.6645364761353
-0.44175910949707	-13.905816078186
-0.442774772644043	-14.1614007949829
-0.443790435791016	-14.4079303741455
-0.444727897644043	-14.6773433685303
-0.445743560791016	-14.9391269683838
-0.446759223937988	-15.2152156829834
-0.447696685791016	-15.4636478424072
-0.448712348937988	-15.7726430892944
-0.449728012084961	-16.0425338745117
-0.450743675231934	-16.3396034240723
-0.451681137084961	-16.6342887878418
-0.452696800231934	-16.9394683837891
-0.453712463378906	-17.2489356994629
-0.454649925231934	-17.5603103637695
-0.455665588378906	-17.8683471679688
-0.456681251525879	-18.2045211791992
-0.457618713378906	-18.5287704467773
-0.458634376525879	-18.8749542236328
-0.459650039672852	-19.2259063720703
-0.460587501525879	-19.586877822876
-0.461603164672852	-19.9454593658447
-0.462618827819824	-20.3145313262939
-0.463634490966797	-20.6879005432129
-0.464571952819824	-21.0879669189453
-0.465587615966797	-21.4537010192871
-0.46660327911377	-21.8537673950195
-0.467540740966797	-22.2671890258789
-0.46855640411377	-22.682991027832
-0.469572067260742	-23.1340808868408
-0.47050952911377	-23.5851707458496
-0.471525192260742	-24.0362586975098
-0.472540855407715	-24.4797210693359
-0.473556518554688	-24.9627590179443
-0.474493980407715	-25.4515190124512
-0.475509643554688	-25.9502944946289
-0.47652530670166	-26.4361915588379
-0.477462768554688	-26.9688205718994
-0.47847843170166	-27.4971580505371
-0.479494094848633	-28.0326480865479
-0.48043155670166	-28.5833969116211
-0.481447219848633	-29.162281036377
-0.482462882995605	-29.7373485565186
-0.483400344848633	-30.3419799804688
-0.484416007995605	-30.9175224304199
-0.485431671142578	-31.5626888275146
-0.486447334289551	-32.1840057373047
-0.487384796142578	-32.8382339477539
-0.488400459289551	-33.5120048522949
-0.489416122436523	-34.1948394775391
-0.490353584289551	-34.9048538208008
-0.491369247436523	-35.6301231384277
-0.492384910583496	-36.3377532958984
-0.493322372436523	-37.0434722900391
-0.494338035583496	-37.8231086730957
-0.495353698730469	-38.6132278442383
-0.496369361877441	-39.4348220825195
-0.497306823730469	-40.234001159668
-0.498322486877441	-41.1266479492188
-0.499338150024414	-41.9754219055176
-0.500275611877441	-42.8923797607422
-0.501291275024414	-43.7893142700195
-0.502306938171387	-44.7534866333008
-0.503244400024414	-45.7128829956055
-0.504260063171387	-46.7132911682129
-0.505275726318359	-47.701301574707
-0.506213188171387	-48.7536849975586
-0.507228851318359	-49.8389739990234
-0.508244514465332	-50.9466705322266
-0.509260177612305	-52.0844078063965
-0.510197639465332	-53.2583847045898
-0.511213302612305	-54.4466705322266
-0.512228012084961	-55.6916885375977
-0.513166427612305	-56.9248008728027
-0.514181137084961	-58.2384910583496
-0.515196800231934	-59.5569534301758
-0.516134262084961	-60.9328765869141
-0.517149925231934	-62.3443145751953
-0.518165588378906	-63.8129730224609
-0.519181251525879	-65.2959365844727
-0.520118713378906	-66.8265838623047
-0.521134376525879	-68.3333892822266
-0.522150039672852	-69.9069976806641
-0.523087501525879	-71.5854644775391
-0.524103164672852	-73.2925415039063
-0.525118827819824	-75.0425338745117
-0.526056289672852	-76.7734527587891
-0.527071952819824	-78.7141799926758
-0.528087615966797	-80.6406021118164
-0.529025077819824	-82.6242904663086
-0.530040740966797	-84.6317749023438
-0.53105640411377	-86.6917114257813
-0.532072067260742	-88.8803939819336
-0.53300952911377	-91.1072235107422
-0.534025192260742	-93.3388214111328
-0.535040855407715	-95.7182922363281
-0.535978317260742	-98.0786285400391
-0.536993980407715	-100.586791992188
-0.538009643554688	-103.147415161133
-0.538947105407715	-105.80339050293
-0.539962768554688	-108.492805480957
-0.54097843170166	-111.258460998535
-0.541994094848633	-114.090873718262
-0.54293155670166	-117.085411071777
-0.543947219848633	-120.113372802734
-0.544962882995605	-123.231887817383
-0.545900344848633	-126.388549804688
-0.546916007995605	-129.755020141602
-0.547931671142578	-133.193069458008
-0.548869132995605	-136.755035400391
-0.549884796142578	-140.183502197266
-0.550900459289551	-143.793197631836
-0.551837921142578	-147.679428100586
-0.552853584289551	-151.584716796875
-0.553869247436523	-155.680755615234
-0.554884910583496	-159.738677978516
-0.555822372436523	-164.058822631836
-0.556838035583496	-168.455261230469
-0.557853698730469	-172.994812011719
-0.558791160583496	-177.639190673828
-0.559806823730469	-182.393310546875
-0.560822486877441	-187.228439331055
-0.561759948730469	-192.273376464844
-0.562775611877441	-197.251602172852
-0.563791275024414	-202.801986694336
-0.564728736877441	-208.156921386719
-0.565744400024414	-213.721603393555
-0.566760063171387	-219.486618041992
-0.567775726318359	-225.380325317383
-0.568713188171387	-231.483871459961
-0.569728851318359	-237.716156005859
-0.570744514465332	-243.981811523438
-0.571681976318359	-250.714782714844
-0.572697639465332	-257.347595214844
-0.573713302612305	-264.328521728516
-0.574650764465332	-271.357116699219
-0.575666427612305	-278.719543457031
-0.576682090759277	-286.258361816406
-0.57769775390625	-293.940246582031
-0.578635215759277	-301.445678710938
-0.57965087890625	-309.494720458984
-0.580666542053223	-317.839416503906
-0.58160400390625	-326.412963867188
-0.582619667053223	-335.110534667969
-0.583635330200195	-343.912963867188
-0.584572792053223	-353.273315429688
-0.585588455200195	-362.757629394531
-0.586604118347168	-372.613891601563
-0.587541580200195	-382.498779296875
-0.588557243347168	-392.874786376953
-0.589572906494141	-403.241241455078
-0.590588569641113	-414.199005126953
-0.591526031494141	-425.090026855469
-0.592541694641113	-436.634307861328
-0.593557357788086	-448.221496582031
-0.594494819641113	-460.042327880859
-0.595510482788086	-472.382934570313
-0.596525192260742	-485.157440185547
-0.597463607788086	-498.003479003906
-0.598479270935059	-511.321594238281
-0.599493980407715	-524.558654785156
-0.600509643554688	-539.073608398438
-0.601447105407715	-553.173706054688
-0.602462768554688	-567.640991210938
-0.60347843170166	-582.299072265625
-0.604415893554688	-597.472106933594
-0.60543155670166	-613.52490234375
-0.606447219848633	-628.78369140625
-0.60738468170166	-645.091552734375
-0.608400344848633	-661.494750976563
-0.609416007995605	-678.422424316406
-0.610353469848633	-695.875183105469
-0.611369132995605	-713.661193847656
-0.612384796142578	-731.30419921875
-0.613400459289551	-749.900817871094
-0.614337921142578	-768.163696289063
-0.615353584289551	-787.284851074219
-0.616369247436523	-806.501403808594
-0.617306709289551	-826.290588378906
-0.618322372436523	-846.174743652344
-0.619338035583496	-866.154174804688
-0.620275497436523	-886.324401855469
-0.621291160583496	-907.400634765625
-0.622306823730469	-928.381469726563
-0.623322486877441	-949.553466796875
-0.624259948730469	-970.677368164063
-0.625275611877441	-992.898010253906
-0.626291275024414	-1014.92785644531
-0.627228736877441	-1037.52990722656
-0.628244400024414	-1059.46447753906
-0.629260063171387	-1082.40075683594
-0.630197525024414	-1105.09826660156
-0.631213188171387	-1128.08178710938
-0.632228851318359	-1151.16076660156
-0.633166313171387	-1174.57336425781
-0.634181976318359	-1196.55615234375
-0.635197639465332	-1219.96875
-0.636213302612305	-1243.572265625
-0.637150764465332	-1267.22338867188
-0.638166427612305	-1291.11291503906
-0.639182090759277	-1314.57373046875
-0.640119552612305	-1338.65405273438
-0.641135215759277	-1361.49450683594
-0.64215087890625	-1386.19470214844
-0.643088340759277	-1409.70275878906
-0.64410400390625	-1433.68774414063
-0.645119667053223	-1457.67309570313
-0.646135330200195	-1481.70568847656
-0.647072792053223	-1505.69055175781
-0.648088455200195	-1529.67553710938
-0.649104118347168	-1552.80212402344
-0.650041580200195	-1577.455078125
-0.651057243347168	-1600.67700195313
-0.652072906494141	-1624.56652832031
-0.653010368347168	-1647.74084472656
-0.654026031494141	-1671.96411132813
-0.655041694641113	-1696.044921875
-0.655979156494141	-1719.69604492188
-0.656994819641113	-1742.63195800781
-0.658010482788086	-1766.56909179688
-0.659026145935059	-1790.17260742188
-0.659963607788086	-1813.77648925781
-0.660979270935059	-1836.99841308594
-0.661994934082031	-1860.60192871094
-0.662932395935059	-1882.10729980469
-0.663948059082031	-1905.85375976563
-0.664963722229004	-1929.791015625
-0.665901184082031	-1952.77502441406
-0.666916847229004	-1976.61682128906
-0.667932510375977	-1999.69580078125
-0.668948173522949	-2023.91906738281
-0.669885635375977	-2046.66418457031
-0.670901298522949	-2071.07885742188
-0.671916961669922	-2094.25317382813
-0.672854423522949	-2117.95190429688
-0.673870086669922	-2142.07983398438
-0.674885749816895	-2166.4462890625
-0.675823211669922	-2190.28857421875
-0.676838874816895	-2214.51196289063
-0.677854537963867	-2236.63720703125
-0.678791999816895	-2262.38623046875
-0.679807662963867	-2286.32373046875
-0.68082332611084	-2311.02392578125
-0.681838035583496	-2335.0087890625
-0.68277645111084	-2359.04174804688
-0.683791160583496	-2384.93383789063
-0.684806823730469	-2410.30200195313
-0.685744285583496	-2435.3359375
-0.686759948730469	-2460.89428710938
-0.687775611877441	-2485.73779296875
-0.688713073730469	-2513.060546875
-0.689728736877441	-2538.76245117188
-0.690744400024414	-2562.69946289063
-0.691681861877441	-2589.35473632813
-0.692697525024414	-2616.48706054688
-0.693713188171387	-2643.71435546875
-0.694728851318359	-2670.17919921875
-0.695666313171387	-2697.83569335938
-0.696681976318359	-2724.82495117188
-0.697697639465332	-2751.57543945313
-0.698635101318359	-2778.32592773438
-0.699650764465332	-2807.22265625
-0.700666427612305	-2835.11767578125
-0.701603889465332	-2863.39428710938
-0.702619552612305	-2890.86010742188
-0.703635215759277	-2920.8056640625
-0.70465087890625	-2949.416015625
-0.705588340759277	-2979.55224609375
-0.70660400390625	-3008.21020507813
-0.707619667053223	-3038.53735351563
-0.70855712890625	-3068.5302734375
-0.709572792053223	-3098.5712890625
-0.710588455200195	-3129.04125976563
-0.711525917053223	-3159.89282226563
-0.712541580200195	-3190.07666015625
-0.713557243347168	-3222.740234375
-0.714494705200195	-3252.49487304688
-0.715510368347168	-3285.73071289063
-0.716526031494141	-3317.05883789063
-0.717541694641113	-3348.2919921875
-0.718479156494141	-3379.95385742188
-0.719494819641113	-3408.08740234375
-0.720510482788086	-3442.51513671875
-0.721447944641113	-3474.27270507813
-0.722463607788086	-3507.41284179688
-0.723479270935059	-3540.02880859375
-0.724416732788086	-3573.59814453125
-0.725432395935059	-3606.88159179688
-0.726448059082031	-3641.02319335938
-0.727463722229004	-3673.25756835938
-0.728401184082031	-3708.63891601563
-0.729416847229004	-3741.82690429688
-0.730432510375977	-3777.25610351563
-0.731369972229004	-3810.87329101563
-0.732385635375977	-3846.30249023438
-0.733401298522949	-3882.16064453125
-0.734338760375977	-3917.44677734375
-0.735354423522949	-3951.4453125
-0.736370086669922	-3989.783203125
-0.737307548522949	-4025.73681640625
-0.738323211669922	-4061.21337890625
-0.739338874816895	-4095.78466796875
-0.740354537963867	-4131.404296875
-0.741291999816895	-4166.45263671875
-0.742307662963867	-4203.55029296875
-0.74332332611084	-4239.02685546875
-0.744260787963867	-4276.84033203125
-0.74527645111084	-4313.22265625
-0.746292114257813	-4349.31982421875
-0.74722957611084	-4384.5107421875
-0.748245239257813	-4420.2255859375
-0.749260902404785	-4458.0390625
-0.750276565551758	-4496.4248046875
-0.751214027404785	-4532.998046875
-0.752229690551758	-4570.9541015625
-0.75324535369873	-4610.0078125
-0.754182815551758	-4647.7734375
-0.75519847869873	-4688.1142578125
-0.756214141845703	-4725.2119140625
-0.75715160369873	-4766.267578125
-0.758167266845703	-4805.89306640625
-0.759182929992676	-4845.1845703125
-0.760120391845703	-4881.42431640625
-0.761136054992676	-4919.47607421875
-0.762151718139648	-4964.3466796875
-0.763167381286621	-5004.591796875
-0.764104843139648	-5042.54833984375
-0.765120506286621	-5085.60693359375
-0.766135215759277	-5123.89697265625
-0.767073631286621	-5165.4296875
-0.768088340759277	-5205.72265625
-0.76910400390625	-5246.826171875
-0.770042419433594	-5287.78662109375
-0.77105712890625	-5330.32080078125
-0.772072792053223	-5369.70751953125
-0.773088455200195	-5412.24169921875
-0.774025917053223	-5454.3466796875
-0.775041580200195	-5496.30810546875
-0.776057243347168	-5533.02490234375
-0.776994705200195	-5573.69970703125
-0.778010368347168	-5617.0439453125
-0.779026031494141	-5658.337890625
-0.779963493347168	-5699.5849609375
-0.780979156494141	-5740.306640625
-0.781994819641113	-5784.55712890625
-0.782932281494141	-5826.4716796875
-0.783947944641113	-5870.865234375
-0.784963607788086	-5911.634765625
-0.785979270935059	-5955.17041015625
-0.786916732788086	-6012.7021484375
-0.787932395935059	-6054.18701171875
-0.788948059082031	-6099.486328125
-0.789885520935059	-6143.83203125
-0.790901184082031	-6187.701171875
-0.791916847229004	-6233.0009765625
-0.792854309082031	-6275.916015625
-0.793869972229004	-6321.6923828125
-0.794885635375977	-6365.08447265625
-0.795901298522949	-6408.95361328125
-0.796838760375977	-6452.82275390625
-0.797854423522949	-6498.1220703125
-0.798870086669922	-6541.51416015625
-0.799807548522949	-6593.0126953125
-0.800823211669922	-6636.8818359375
-0.801838874816895	-6685.51904296875
-0.802776336669922	-6733.6796875
-0.803791999816895	-6776.1181640625
-0.804807662963867	-6823.3251953125
-0.805745124816895	-6870.5322265625
-0.806760787963867	-6918.697265625
-0.80777645111084	-6967.8115234375
-0.808792114257813	-7014.54150390625
-0.80972957611084	-7066.0400390625
-0.810745239257813	-7112.29345703125
-0.811760902404785	-7161.88427734375
-0.812698364257813	-7208.1376953125
-0.813714027404785	-7253.9140625
-0.814729690551758	-7299.6904296875
-0.815667152404785	-7347.8505859375
-0.816682815551758	-7395.0576171875
-0.81769847869873	-7447.98681640625
-0.818635940551758	-7497.57763671875
-0.81965160369873	-7546.69189453125
-0.820667266845703	-7598.6669921875
-0.821682929992676	-7648.25830078125
-0.822620391845703	-7700.71044921875
-0.823636054992676	-7748.87109375
-0.824651718139648	-7798.4619140625
-0.825589179992676	-7847.576171875
-0.826604843139648	-7897.1669921875
-0.827620506286621	-7945.8046875
-0.828557968139648	-7995.3955078125
-0.829573631286621	-8039.74169921875
-0.830589294433594	-8091.716796875
-0.831604957580566	-8135.11376953125
-0.832542419433594	-8183.7509765625
-0.833558082580566	-8240.4951171875
-0.834573745727539	-8288.1787109375
-0.835511207580566	-8341.583984375
-0.836526870727539	-8394.5126953125
-0.837542533874512	-8446.01171875
-0.838479995727539	-8497.033203125
-0.839495658874512	-8547.1005859375
-0.840511322021484	-8603.3681640625
-0.841448783874512	-8655.3427734375
-0.842464447021484	-8706.3642578125
-0.843480110168457	-8759.7705078125
-0.84449577331543	-8812.69921875
-0.845433235168457	-8870.873046875
-0.84644889831543	-8921.8955078125
-0.847464561462402	-8977.6845703125
-0.84840202331543	-9029.66015625
-0.849417686462402	-9095.4638671875
-0.850433349609375	-9147.916015625
-0.851370811462402	-9205.61328125
-0.852386474609375	-9260.44921875
-0.853401184082031	-9314.33203125
-0.854416847229004	-9370.1220703125
-0.855354309082031	-9448.8046875
-0.856369972229004	-9521.2841796875
-0.857385635375977	-9578.9814453125
-0.858323097229004	-9634.771484375
-0.859338760375977	-9696.283203125
-0.860354423522949	-9754.45703125
-0.861291885375977	-9811.677734375
-0.862307548522949	-9871.2822265625
-0.863323211669922	-9946.623046875
-0.864260673522949	-10001.458984375
-0.865276336669922	-10059.6328125
-0.866291999816895	-10112.5625
-0.867307662963867	-10168.3525390625
-0.868245124816895	-10229.8642578125
-0.869260787963867	-10285.654296875
-0.87027645111084	-10352.4111328125
-0.871213912963867	-10402.9560546875
-0.87222957611084	-10467.3291015625
-0.873245239257813	-10523.595703125
-0.87418270111084	-10579.8623046875
-0.875198364257813	-10643.287109375
-0.876214027404785	-10705.751953125
-0.877229690551758	-10763.44921875
-0.878167152404785	-10822.5771484375
-0.879182815551758	-10882.6591796875
-0.88019847869873	-10940.3564453125
-0.881135940551758	-11019.5107421875
-0.88215160369873	-11073.87109375
-0.883167266845703	-11134.90625
-0.88410472869873	-11194.9873046875
-0.885120391845703	-11259.8369140625
-0.886136054992676	-11320.3955078125
-0.887073516845703	-11371.8935546875
-0.888089179992676	-11424.345703125
-0.889104843139648	-11487.765625
-0.890120506286621	-11563.10546875
-0.891057968139648	-11627.478515625
-0.892073631286621	-11692.8056640625
-0.893089294433594	-11764.3310546875
-0.894026756286621	-11823.458984375
-0.895042419433594	-11887.8369140625
-0.896058082580566	-11946.4873046875
-0.896995544433594	-12007.9990234375
-0.898011207580566	-12080.955078125
-0.899026870727539	-12150.0966796875
-0.900042533874512	-12219.71484375
-0.900979995727539	-12310.314453125
-0.901995658874512	-12375.640625
-0.903011322021484	-12442.3984375
-0.903948783874512	-12506.2939453125
-0.904964447021484	-12575.912109375
-0.905980110168457	-12674.6181640625
-0.906917572021484	-12736.1298828125
-0.907933235168457	-12791.443359375
-0.90894889831543	-12857.7236328125
-0.909886360168457	-12924.00390625
-0.91090202331543	-12989.806640625
-0.911917686462402	-13065.6240234375
-0.912933349609375	-13128.0947265625
-0.913870811462402	-13193.8984375
-0.914886474609375	-13259.224609375
-0.915902137756348	-13321.6904296875
-0.916839599609375	-13414.673828125
-0.917855262756348	-13476.185546875
-0.91887092590332	-13547.234375
-0.919808387756348	-13614.46875
-0.92082405090332	-13678.365234375
-0.921839714050293	-13746.0751953125
-0.922855377197266	-13812.8330078125
-0.923792839050293	-13882.451171875
-0.924808502197266	-13945.8701171875
-0.925824165344238	-14009.7666015625
-0.926761627197266	-14074.1396484375
-0.927777290344238	-14178.08984375
-0.928792953491211	-14240.0791015625
-0.929730415344238	-14305.4052734375
-0.930746078491211	-14373.1162109375
-0.931761741638184	-14444.646484375
-0.932699203491211	-14506.1591796875
-0.933714866638184	-14586.267578125
-0.934730529785156	-14647.779296875
-0.935745239257813	-14710.2451171875
-0.936683654785156	-14768.4189453125
-0.937698364257813	-14828.9775390625
-0.938714027404785	-14902.8876953125
-0.939652442932129	-14975.3662109375
-0.940667152404785	-15043.0771484375
-0.941682815551758	-15101.728515625
-0.942620277404785	-15165.1474609375
-0.943635940551758	-15244.779296875
-0.94465160369873	-15305.337890625
-0.945589065551758	-15365.896484375
-0.94660472869873	-15432.1767578125
-0.947620391845703	-15494.1650390625
-0.948636054992676	-15632.453125
-0.949573516845703	-15692.5341796875
-0.950589179992676	-15785.994140625
-0.951604843139648	-15845.1220703125
-0.952542304992676	-15916.1708984375
-0.953557968139648	-15979.5908203125
-0.954573631286621	-16042.0556640625
-0.955511093139648	-16109.2900390625
-0.956526756286621	-16177.4775390625
-0.957542419433594	-16253.771484375
-0.958558082580566	-16354.384765625
-0.959495544433594	-16410.173828125
-0.960511207580566	-16472.640625
-0.961526870727539	-16531.767578125
-0.962464332580566	-16609.015625
-0.963479995727539	-16674.341796875
-0.964495658874512	-16725.83984375
-0.965433120727539	-16802.134765625
-0.966448783874512	-16875.095703125
-0.967464447021484	-16944.712890625
-0.968401908874512	-17075.84375
-0.969417572021484	-17141.169921875
-0.970433235168457	-17207.451171875
-0.97144889831543	-17371.005859375
-0.972386360168457	-17442.0546875
-0.97340202331543	-17514.533203125
-0.974417686462402	-17572.23046875
-0.97535514831543	-17631.8359375
-0.976370811462402	-17683.810546875
-0.977386474609375	-17688.580078125
-0.978323936462402	-17683.810546875
-0.979339599609375	-17677.61328125
-0.980355262756348	-17675.705078125
-0.98137092590332	-17670.9375
-0.982308387756348	-17666.64453125
-0.98332405090332	-17660.923828125
-0.984339714050293	-17654.724609375
-0.98527717590332	-17649.001953125
-0.986292839050293	-17639.94140625
-0.987308502197266	-17640.419921875
-0.988245964050293	-17640.419921875
-0.989261627197266	-17640.896484375
-0.990277290344238	-17643.279296875
-0.991214752197266	-17641.373046875
-0.992230415344238	-17641.373046875
-0.993246078491211	-17642.326171875
-0.994261741638184	-17642.802734375
-0.995199203491211	-17644.234375
-0.996214866638184	-17642.326171875
-0.997230529785156	-17642.802734375
-0.998167991638184	-17643.279296875
-0.999183654785156	-17643.7578125
-1.00019931793213	-17642.802734375
-0.999183654785156	-17645.1875
-0.998167991638184	-17643.7578125
-0.997230529785156	-17643.279296875
-0.996214866638184	-17642.802734375
-0.995199203491211	-17644.7109375
-0.994261741638184	-17643.279296875
-0.993246078491211	-17642.802734375
-0.992230415344238	-17645.1875
-0.991214752197266	-17643.7578125
-0.990277290344238	-17643.7578125
-0.989261627197266	-17646.140625
-0.988245964050293	-17643.7578125
-0.987308502197266	-17645.6640625
-0.986292839050293	-17646.140625
-0.98527717590332	-17652.81640625
-0.984339714050293	-17659.4921875
-0.98332405090332	-17666.16796875
-0.982308387756348	-17671.890625
-0.98137092590332	-17677.134765625
-0.980355262756348	-17680.94921875
-0.979339599609375	-17688.103515625
-0.978323936462402	-17693.34765625
-0.977386474609375	-17696.685546875
-0.976370811462402	-17688.103515625
-0.97535514831543	-17608.947265625
-0.974417686462402	-17521.6875
-0.97340202331543	-17437.287109375
-0.972386360168457	-17348.59375
-0.97144889831543	-17307.109375
-0.970433235168457	-17215.556640625
-0.969417572021484	-17125.435546875
-0.968401908874512	-17031.498046875
-0.967464447021484	-16981.90625
-0.966448783874512	-16896.552734375
-0.965433120727539	-16811.1953125
-0.964495658874512	-16723.45703125
-0.963479995727539	-16654.791015625
-0.962464332580566	-16577.06640625
-0.961526870727539	-16519.84765625
-0.960511207580566	-16472.640625
-0.959495544433594	-16387.763671875
-0.958558082580566	-16300.978515625
-0.957542419433594	-16246.142578125
-0.956526756286621	-16177.4775390625
-0.955511093139648	-16111.673828125
-0.954573631286621	-16027.2744140625
-0.953557968139648	-15940.490234375
-0.952542304992676	-15878.5009765625
-0.951604843139648	-15791.716796875
-0.950589179992676	-15709.2236328125
-0.949573516845703	-15617.189453125
-0.948636054992676	-15570.9365234375
-0.947620391845703	-15492.2578125
-0.94660472869873	-15411.1953125
-0.945589065551758	-15327.2724609375
-0.94465160369873	-15251.455078125
-0.943635940551758	-15202.3408203125
-0.942620277404785	-15140.3525390625
-0.941682815551758	-15103.1591796875
-0.940667152404785	-15021.6201171875
-0.939652442932129	-14947.7099609375
-0.938714027404785	-14862.3564453125
-0.937698364257813	-14777.9560546875
-0.936683654785156	-14700.7080078125
-0.935745239257813	-14636.8125
-0.934730529785156	-14551.935546875
-0.933714866638184	-14470.873046875
-0.932699203491211	-14397.9169921875
-0.931761741638184	-14334.9697265625
-0.930746078491211	-14274.4111328125
-0.929730415344238	-14196.2099609375
-0.928792953491211	-14109.42578125
-0.927777290344238	-14029.7939453125
-0.926761627197266	-13950.638671875
-0.925824165344238	-13911.5380859375
-0.924808502197266	-13834.767578125
-0.923792839050293	-13770.87109375
-0.922855377197266	-13685.994140625
-0.921839714050293	-13610.654296875
-0.92082405090332	-13540.55859375
-0.919808387756348	-13468.0791015625
-0.91887092590332	-13396.0771484375
-0.917855262756348	-13321.2138671875
-0.916839599609375	-13245.873046875
-0.915902137756348	-13193.8984375
-0.914886474609375	-13119.5068359375
-0.913870811462402	-13076.591796875
-0.912933349609375	-13015.0791015625
-0.911917686462402	-12936.8779296875
-0.91090202331543	-12865.8291015625
-0.909886360168457	-12795.734375
-0.90894889831543	-12726.5927734375
-0.907933235168457	-12645.0537109375
-0.906917572021484	-12573.5283203125
-0.905980110168457	-12500.572265625
-0.904964447021484	-12432.861328125
-0.903948783874512	-12373.7333984375
-0.903011322021484	-12304.591796875
-0.901995658874512	-12233.54296875
-0.900979995727539	-12156.7724609375
-0.900042533874512	-12089.5390625
-0.899026870727539	-12014.6748046875
-0.898011207580566	-11942.1962890625
-0.896995544433594	-11876.392578125
-0.896058082580566	-11803.431640625
-0.895042419433594	-11734.2900390625
-0.894026756286621	-11662.7646484375
-0.893089294433594	-11593.623046875
-0.892073631286621	-11523.05078125
-0.891057968139648	-11453.4326171875
-0.890120506286621	-11380
-0.889104843139648	-11311.3359375
-0.888089179992676	-11257.453125
-0.887073516845703	-11191.6494140625
-0.886136054992676	-11122.5078125
-0.885120391845703	-11050.982421875
-0.88410472869873	-10979.45703125
-0.883167266845703	-10908.408203125
-0.88215160369873	-10853.572265625
-0.881135940551758	-10794.9208984375
-0.88019847869873	-10729.1171875
-0.879182815551758	-10661.8837890625
-0.878167152404785	-10603.7041015625
-0.877229690551758	-10545.5302734375
-0.876214027404785	-10476.388671875
-0.875198364257813	-10407.2470703125
-0.87418270111084	-10342.3974609375
-0.873245239257813	-10276.59375
-0.87222957611084	-10213.1748046875
-0.871213912963867	-10159.76953125
-0.87027645111084	-10102.0712890625
-0.869260787963867	-10035.791015625
-0.868245124816895	-9971.41796875
-0.867307662963867	-9902.27734375
-0.866291999816895	-9833.1357421875
-0.865276336669922	-9765.9013671875
-0.864260673522949	-9701.5283203125
-0.863323211669922	-9635.724609375
-0.862307548522949	-9572.7822265625
-0.861291885375977	-9509.83984375
-0.860354423522949	-9442.6064453125
-0.859338760375977	-9391.583984375
-0.858323097229004	-9327.20703125
-0.857385635375977	-9270.462890625
-0.856369972229004	-9205.61328125
-0.855354309082031	-9140.2861328125
-0.854416847229004	-9081.6357421875
-0.853401184082031	-9019.646484375
-0.852386474609375	-8955.2734375
-0.851370811462402	-8909.0205078125
-0.850433349609375	-8841.7861328125
-0.849417686462402	-8786.4736328125
-0.84840202331543	-8722.5771484375
-0.847464561462402	-8658.6806640625
-0.84644889831543	-8597.6455078125
-0.845433235168457	-8537.564453125
-0.84449577331543	-8477.9599609375
-0.843480110168457	-8417.4013671875
-0.842464447021484	-8353.982421875
-0.841448783874512	-8302.4833984375
-0.840511322021484	-8244.3095703125
-0.839495658874512	-8185.181640625
-0.838479995727539	-8127.9609375
-0.837542533874512	-8071.689453125
-0.836526870727539	-8018.7607421875
-0.835511207580566	-7961.0634765625
-0.834573745727539	-7900.0283203125
-0.833558082580566	-7845.19189453125
-0.832542419433594	-7786.06396484375
-0.831604957580566	-7726.9365234375
-0.830589294433594	-7683.0673828125
-0.829573631286621	-7614.87939453125
-0.828557968139648	-7568.62646484375
-0.827620506286621	-7511.8828125
-0.826604843139648	-7474.212890625
-0.825589179992676	-7413.654296875
-0.824651718139648	-7370.26220703125
-0.823636054992676	-7345.466796875
-0.822620391845703	-7290.1533203125
-0.821682929992676	-7233.88671875
-0.820667266845703	-7175.71240234375
-0.81965160369873	-7123.2607421875
-0.818635940551758	-7070.33154296875
-0.81769847869873	-7016.92578125
-0.816682815551758	-6967.8115234375
-0.815667152404785	-6911.544921875
-0.814729690551758	-6856.22705078125
-0.813714027404785	-6800.43701171875
-0.812698364257813	-6748.4619140625
-0.811760902404785	-6696.96337890625
-0.810745239257813	-6641.650390625
-0.80972957611084	-6586.3369140625
-0.808792114257813	-6533.884765625
-0.80777645111084	-6485.24755859375
-0.806760787963867	-6434.70263671875
-0.805745124816895	-6380.8203125
-0.804807662963867	-6332.65966796875
-0.803791999816895	-6281.1611328125
-0.802776336669922	-6236.33837890625
-0.801838874816895	-6183.88671875
-0.800823211669922	-6134.29541015625
-0.799807548522949	-6087.5654296875
-0.798870086669922	-6044.64990234375
-0.797854423522949	-5999.8271484375
-0.796838760375977	-5949.28271484375
-0.795901298522949	-5900.64501953125
-0.794885635375977	-5856.29931640625
-0.793869972229004	-5811
-0.792854309082031	-5757.59423828125
-0.791916847229004	-5709.91015625
-0.790901184082031	-5662.2265625
-0.789885520935059	-5614.0615234375
-0.788948059082031	-5569.23876953125
-0.787932395935059	-5525.8466796875
-0.786916732788086	-5479.1162109375
-0.785979270935059	-5430.9560546875
-0.784963607788086	-5379.93408203125
-0.783947944641113	-5338.92626953125
-0.782932281494141	-5294.103515625
-0.781994819641113	-5255.0029296875
-0.780979156494141	-5189.19921875
-0.779963493347168	-5143.89990234375
-0.779026031494141	-5101.9384765625
-0.778010368347168	-5062.36083984375
-0.776994705200195	-5013.24658203125
-0.776057243347168	-4975.099609375
-0.775041580200195	-4931.23046875
-0.774025917053223	-4890.22265625
-0.773088455200195	-4847.30712890625
-0.772072792053223	-4804.86865234375
-0.77105712890625	-4764.814453125
-0.770042419433594	-4720.9453125
-0.76910400390625	-4678.02978515625
-0.768088340759277	-4637.9755859375
-0.767073631286621	-4596.01416015625
-0.766135215759277	-4553.57568359375
-0.765120506286621	-4513.998046875
-0.764104843139648	-4471.08251953125
-0.763167381286621	-4435.31982421875
-0.762151718139648	-4403.37158203125
-0.761136054992676	-4361.4052734375
-0.760120391845703	-4324.68896484375
-0.759182929992676	-4286.5419921875
-0.758167266845703	-4247.44140625
-0.75715160369873	-4208.3408203125
-0.756214141845703	-4166.85595703125
-0.75519847869873	-4131.56982421875
-0.754182815551758	-4092.94604492188
-0.75324535369873	-4054.322265625
-0.752229690551758	-4016.17529296875
-0.751214027404785	-3977.55151367188
-0.750276565551758	-3940.8349609375
-0.749260902404785	-3905.54907226563
-0.748245239257813	-3870.26318359375
-0.74722957611084	-3834.97705078125
-0.746292114257813	-3800.16796875
-0.74527645111084	-3763.92846679688
-0.744260787963867	-3729.59619140625
-0.74332332611084	-3693.3564453125
-0.742307662963867	-3659.5009765625
-0.741291999816895	-3624.21508789063
-0.740354537963867	-3590.35961914063
-0.739338874816895	-3556.02734375
-0.738323211669922	-3522.64892578125
-0.737307548522949	-3488.79345703125
-0.736370086669922	-3455.41479492188
-0.735354423522949	-3420.60571289063
-0.734338760375977	-3388.1806640625
-0.733401298522949	-3355.27905273438
-0.732385635375977	-3322.37719726563
-0.731369972229004	-3288.52172851563
-0.730432510375977	-3256.09692382813
-0.729416847229004	-3224.62548828125
-0.728401184082031	-3192.20068359375
-0.727463722229004	-3159.77563476563
-0.726448059082031	-3129.25805664063
-0.725432395935059	-3097.30517578125
-0.724416732788086	-3066.78759765625
-0.723479270935059	-3035.79321289063
-0.722463607788086	-3005.75244140625
-0.721447944641113	-2974.28125
-0.720510482788086	-2945.67114257813
-0.719494819641113	-2914.19970703125
-0.718479156494141	-2887.4970703125
-0.717541694641113	-2858.40991210938
-0.716526031494141	-2830.75341796875
-0.715510368347168	-2801.189453125
-0.714494705200195	-2771.14868164063
-0.713557243347168	-2746.830078125
-0.712541580200195	-2718.69653320313
-0.711525917053223	-2692.47045898438
-0.710588455200195	-2664.81396484375
-0.709572792053223	-2637.15747070313
-0.70855712890625	-2610.45458984375
-0.707619667053223	-2584.228515625
-0.70660400390625	-2556.57202148438
-0.705588340759277	-2532.25317382813
-0.70465087890625	-2505.07348632813
-0.703635215759277	-2479.32421875
-0.702619552612305	-2453.5751953125
-0.701603889465332	-2428.77954101563
-0.700666427612305	-2403.50732421875
-0.699650764465332	-2379.1884765625
-0.698635101318359	-2353.439453125
-0.697697639465332	-2330.07421875
-0.696681976318359	-2306.232421875
-0.695666313171387	-2282.86743164063
-0.694728851318359	-2259.02563476563
-0.693713188171387	-2235.66064453125
-0.692697525024414	-2213.72607421875
-0.691681861877441	-2189.4072265625
-0.690744400024414	-2166.51904296875
-0.689728736877441	-2146.01513671875
-0.688713073730469	-2124.08056640625
-0.687775611877441	-2101.1923828125
-0.686759948730469	-2083.07275390625
-0.685744285583496	-2059.70751953125
-0.684806823730469	-2038.25
-0.683791160583496	-2016.79223632813
-0.68277645111084	-1994.85778808594
-0.681838035583496	-1974.35375976563
-0.68082332611084	-1954.32666015625
-0.679807662963867	-1933.34582519531
-0.678791999816895	-1913.31860351563
-0.677854537963867	-1892.81469726563
-0.676838874816895	-1873.736328125
-0.675823211669922	-1854.18603515625
-0.674885749816895	-1834.6357421875
-0.673870086669922	-1814.13171386719
-0.672854423522949	-1794.10461425781
-0.671916961669922	-1775.98474121094
-0.670901298522949	-1757.38806152344
-0.669885635375977	-1737.83776855469
-0.668948173522949	-1720.19482421875
-0.667932510375977	-1701.12133789063
-0.666916847229004	-1683.00146484375
-0.665901184082031	-1664.88171386719
-0.664963722229004	-1647.23876953125
-0.663948059082031	-1629.11889648438
-0.662932395935059	-1611.47595214844
-0.661994934082031	-1596.21716308594
-0.660979270935059	-1578.57421875
-0.659963607788086	-1562.36169433594
-0.659026145935059	-1545.67236328125
-0.658010482788086	-1528.98315429688
-0.656994819641113	-1511.81701660156
-0.655979156494141	-1496.55822753906
-0.655041694641113	-1480.345703125
-0.654026031494141	-1464.61010742188
-0.653010368347168	-1448.87451171875
-0.652072906494141	-1434.09252929688
-0.651057243347168	-1418.83374023438
-0.650041580200195	-1403.57495117188
-0.649104118347168	-1387.83935546875
-0.648088455200195	-1373.05737304688
-0.647072792053223	-1358.275390625
-0.646135330200195	-1343.49340820313
-0.645119667053223	-1328.71154785156
-0.64410400390625	-1314.40637207031
-0.643088340759277	-1300.10131835938
-0.64215087890625	-1286.27294921875
-0.641135215759277	-1271.49108886719
-0.640119552612305	-1258.61645507813
-0.639182090759277	-1244.78820800781
-0.638166427612305	-1230.95983886719
-0.637150764465332	-1217.13159179688
-0.636213302612305	-1204.25695800781
-0.635197639465332	-1190.90551757813
-0.634181976318359	-1176.86218261719
-0.633166313171387	-1165.13208007813
-0.632228851318359	-1152.44812011719
-0.631213188171387	-1139.90734863281
-0.630197525024414	-1127.70031738281
-0.629260063171387	-1115.49328613281
-0.628244400024414	-1102.90478515625
-0.627228736877441	-1091.31762695313
-0.626291275024414	-1078.96752929688
-0.625275611877441	-1067.14196777344
-0.624259948730469	-1055.07751464844
-0.623322486877441	-1043.87182617188
-0.622306823730469	-1032.61853027344
-0.621291160583496	-1021.55590820313
-0.620275497436523	-1010.20715332031
-0.619338035583496	-999.526000976563
-0.618322372436523	-988.701843261719
-0.617306709289551	-977.877624511719
-0.616369247436523	-967.053405761719
-0.615353584289551	-956.658386230469
-0.614337921142578	-945.8818359375
-0.613400459289551	-935.963134765625
-0.612384796142578	-925.329711914063
-0.611369132995605	-915.5068359375
-0.610353469848633	-905.207153320313
-0.609416007995605	-895.002868652344
-0.608400344848633	-885.370727539063
-0.60738468170166	-875.833984375
-0.606447219848633	-865.915771484375
-0.60543155670166	-857.141967773438
-0.604415893554688	-847.366821289063
-0.60347843170166	-838.163879394531
-0.602462768554688	-829.056274414063
-0.601447105407715	-819.805603027344
-0.600509643554688	-810.697570800781
-0.599493980407715	-801.20849609375
-0.598479270935059	-792.911499023438
-0.597463607788086	-783.851623535156
-0.596525192260742	-775.173217773438
-0.595510482788086	-766.304016113281
-0.594494819641113	-757.673278808594
-0.593557357788086	-749.4716796875
-0.592541694641113	-741.222412109375
-0.591526031494141	-732.734680175781
-0.590588569641113	-724.676147460938
-0.589572906494141	-716.474548339844
-0.588557243347168	-708.606689453125
-0.587541580200195	-700.452819824219
-0.586604118347168	-692.680358886719
-0.585588455200195	-684.955139160156
-0.584572792053223	-677.46875
-0.583635330200195	-669.362548828125
-0.582619667053223	-662.782165527344
-0.58160400390625	-655.629638671875
-0.580666542053223	-648.143310546875
-0.57965087890625	-640.84765625
-0.578635215759277	-633.552062988281
-0.57769775390625	-626.971740722656
-0.576682090759277	-619.533081054688
-0.575666427612305	-611.331481933594
-0.574650764465332	-603.702087402344
-0.573713302612305	-597.217102050781
-0.572697639465332	-590.159912109375
-0.571681976318359	-583.960998535156
-0.570744514465332	-576.522338867188
-0.569728851318359	-570.228088378906
-0.568713188171387	-563.886169433594
-0.567775726318359	-557.019226074219
-0.566760063171387	-550.772644042969
-0.565744400024414	-544.144653320313
-0.564728736877441	-537.65966796875
-0.563791275024414	-531.603820800781
-0.562775611877441	-524.928100585938
-0.561759948730469	-519.444458007813
-0.560822486877441	-513.340942382813
-0.559806823730469	-507.380493164063
-0.558791160583496	-501.276977539063
-0.557853698730469	-495.507232666016
-0.556838035583496	-489.642150878906
-0.555822372436523	-483.872406005859
-0.554884910583496	-477.959625244141
-0.553869247436523	-472.476013183594
-0.552853584289551	-466.897003173828
-0.551837921142578	-461.413391113281
-0.550900459289551	-455.786712646484
-0.549884796142578	-450.589172363281
-0.548869132995605	-445.773132324219
-0.547931671142578	-440.241821289063
-0.546916007995605	-434.900756835938
-0.545900344848633	-429.560180664063
-0.544962882995605	-424.505706787109
-0.543947219848633	-419.403564453125
-0.54293155670166	-414.396759033203
-0.541994094848633	-409.199249267578
-0.54097843170166	-404.383178710938
-0.539962768554688	-399.519439697266
-0.538947105407715	-394.751068115234
-0.538009643554688	-389.839660644531
-0.536993980407715	-385.166656494141
-0.535978317260742	-380.3505859375
-0.535040855407715	-375.868316650391
-0.534025192260742	-371.147644042969
-0.53300952911377	-366.713043212891
-0.532072067260742	-362.087738037109
-0.53105640411377	-357.557769775391
-0.530040740966797	-353.266235351563
-0.529025077819824	-348.927032470703
-0.528087615966797	-344.683166503906
-0.527071952819824	-340.343963623047
-0.526056289672852	-335.813995361328
-0.525118827819824	-331.903930664063
-0.524103164672852	-327.850830078125
-0.523087501525879	-323.845397949219
-0.522150039672852	-319.744598388672
-0.521134376525879	-315.834533691406
-0.520118713378906	-312.114715576172
-0.519181251525879	-308.156982421875
-0.518165588378906	-304.246887207031
-0.517149925231934	-300.289154052734
-0.516134262084961	-296.4267578125
-0.515196800231934	-292.707458496094
-0.514181137084961	-288.988098144531
-0.513166427612305	-285.268798828125
-0.512228012084961	-281.740173339844
-0.511213302612305	-278.020874023438
-0.510197639465332	-274.587646484375
-0.509260177612305	-271.059020996094
-0.508244514465332	-267.625793457031
-0.507228851318359	-264.144897460938
-0.506213188171387	-260.568603515625
-0.505275726318359	-257.135375976563
-0.504260063171387	-253.940582275391
-0.503244400024414	-250.507354736328
-0.502306938171387	-247.264862060547
-0.501291275024414	-243.927001953125
-0.500275611877441	-240.541458129883
-0.499338150024414	-237.680435180664
-0.498322486877441	-234.676361083984
-0.497306823730469	-231.433868408203
-0.496369361877441	-228.477478027344
-0.495353698730469	-225.378036499023
-0.494338035583496	-222.421646118164
-0.493322372436523	-219.417572021484
-0.492384910583496	-216.699600219727
-0.491369247436523	-213.886260986328
-0.490353584289551	-210.977554321289
-0.489416122436523	-208.11653137207
-0.488400459289551	-205.255508422852
-0.487384796142578	-202.537536621094
-0.486447334289551	-199.724197387695
-0.485431671142578	-197.053909301758
-0.484416007995605	-194.3359375
-0.483400344848633	-191.808700561523
-0.482462882995605	-189.615249633789
-0.481447219848633	-186.944488525391
-0.48043155670166	-184.369567871094
-0.479494094848633	-181.794647216797
-0.47847843170166	-179.2197265625
-0.477462768554688	-176.740173339844
-0.47652530670166	-174.212936401367
-0.475509643554688	-171.876434326172
-0.474493980407715	-169.349197387695
-0.473556518554688	-167.06037902832
-0.472540855407715	-164.533142089844
-0.471525192260742	-162.530426025391
-0.47050952911377	-160.050872802734
-0.469572067260742	-157.952789306641
-0.46855640411377	-155.616287231445
-0.467540740966797	-153.375152587891
-0.46660327911377	-151.277069091797
-0.465587615966797	-148.892883300781
-0.464571952819824	-146.985534667969
-0.463634490966797	-144.744400024414
-0.462618827819824	-142.741683959961
-0.461603164672852	-140.738967895508
-0.460587501525879	-138.640884399414
-0.459650039672852	-136.590484619141
-0.458634376525879	-134.587768554688
-0.457618713378906	-132.632736206055
-0.456681251525879	-130.677703857422
-0.455665588378906	-128.770355224609
-0.454649925231934	-126.910690307617
-0.453712463378906	-125.003341674805
-0.452696800231934	-123.048309326172
-0.451681137084961	-121.236328125
-0.450743675231934	-119.376663208008
-0.449728012084961	-117.516998291016
-0.448712348937988	-115.705017089844
-0.447696685791016	-113.943054199219
-0.446759223937988	-112.288429260254
-0.445743560791016	-110.466911315918
-0.444727897644043	-108.774139404297
-0.443790435791016	-106.995536804199
-0.442774772644043	-105.278869628906
-0.44175910949707	-103.619476318359
-0.440821647644043	-101.907638549805
-0.43980598449707	-100.143341064453
-0.438790321350098	-98.52685546875
-0.437774658203125	-96.7482604980469
-0.436837196350098	-95.322509765625
-0.435821533203125	-93.6869125366211
-0.434805870056152	-92.0370559692383
-0.433868408203125	-90.4921035766602
-0.432852745056152	-88.8565521240234
-0.43183708190918	-87.2353057861328
-0.430899620056152	-85.6617431640625
-0.42988395690918	-84.0881805419922
-0.428869247436523	-82.5193862915039
-0.42793083190918	-80.9934616088867
-0.426915168762207	-79.3865203857422
-0.425900459289551	-77.9655456542969
-0.424884796142578	-76.4444351196289
-0.423947334289551	-74.9662399291992
-0.422931671142578	-73.4165191650391
-0.421916007995605	-72.0146179199219
-0.420978546142578	-70.4935073852539
-0.419962882995605	-69.0868377685547
-0.418947219848633	-67.5036926269531
-0.418009757995605	-66.111328125
-0.416994094848633	-64.6283645629883
-0.41597843170166	-63.1644744873047
-0.415040969848633	-61.7101211547852
-0.41402530670166	-60.31298828125
-0.413009643554688	-58.8586349487305
-0.411993980407715	-57.5044174194336
-0.411056518554688	-55.9880256652832
-0.410040855407715	-54.7053337097168
-0.409025192260742	-53.2462120056152
-0.408087730407715	-52.1304130554199
-0.407072067260742	-50.3947257995605
-0.40605640411377	-48.9928245544434
-0.405118942260742	-47.7005958557129
-0.40410327911377	-46.1079597473145
-0.403087615966797	-45.0350761413574
-0.402071952819824	-43.6092834472656
-0.401134490966797	-42.1787719726563
-0.400118827819824	-40.5861358642578
-0.399103164672852	-39.1651611328125
-0.398165702819824	-37.6106719970703
-0.397150039672852	-36.2659912109375
-0.396134376525879	-34.7877960205078
-0.395196914672852	-33.4621887207031
-0.394181251525879	-31.9458484649658
-0.393165588378906	-30.6488037109375
-0.392228126525879	-29.1896820068359
-0.391212463378906	-27.7257919311523
-0.390196800231934	-26.1856079101563
-0.389181137084961	-24.7884750366211
-0.388243675231934	-23.6679077148438
-0.387228012084961	-22.1992492675781
-0.386212348937988	-20.5636978149414
-0.385274887084961	-19.0092086791992
-0.384259223937988	-17.3593044281006
-0.383243560791016	-15.8620357513428
-0.382306098937988	-14.0786647796631
-0.381290435791016	-12.5194072723389
-0.380274772644043	-10.9601497650146
-0.37925910949707	-9.17201042175293
-0.378321647644043	-7.5650691986084
-0.37730598449707	-5.79595565795898
-0.376290321350098	-4.07934188842773
-0.37535285949707	-2.26903915405273
-0.374337196350098	-0.346899032592773
-0.373321533203125	1.50084972381592
-0.372384071350098	3.42728137969971
-0.371368408203125	5.41855812072754
-0.370352745056152	7.30350494384766
-0.369415283203125	9.60282325744629
-0.368399620056152	11.5898084640503
-0.36738395690918	13.7055444717407
-0.366368293762207	15.9133100509644
-0.36543083190918	18.2674598693848
-0.364415168762207	20.5839443206787
-0.363399505615234	22.9347610473633
-0.362462043762207	25.3695011138916
-0.361446380615234	27.9811477661133
-0.360430717468262	30.4487895965576
-0.359493255615234	33.2473564147949
-0.358477592468262	35.7984466552734
-0.357461929321289	38.7310028076172
-0.356446266174316	41.5810775756836
-0.355508804321289	44.6028060913086
-0.354493141174316	47.7556610107422
-0.353477478027344	50.8975524902344
-0.352540016174316	54.0084533691406
-0.351524353027344	57.1279335021973
-0.350508689880371	60.8239059448242
-0.349571228027344	64.4567031860352
-0.348555564880371	68.252326965332
-0.347539901733398	71.9335556030273
-0.346602439880371	75.9103775024414
-0.345586776733398	79.7632217407227
-0.344571113586426	84.0118865966797
-0.34355640411377	88.327262878418
-0.342617988586426	93.1004028320313
-0.34160327911377	97.7066955566406
-0.340587615966797	102.637191772461
-0.33965015411377	107.438995361328
-0.338634490966797	112.60791015625
-0.337618827819824	117.733909606934
-0.336681365966797	123.012542724609
-0.335665702819824	128.400802612305
-0.334650039672852	133.927398681641
-0.333634376525879	139.587448120117
-0.332696914672852	145.829299926758
-0.331681251525879	151.60856628418
-0.330665588378906	157.845642089844
-0.329728126525879	164.054061889648
-0.328712463378906	170.391265869141
-0.327696800231934	176.790435791016
-0.326759338378906	183.232498168945
-0.325743675231934	189.765258789063
-0.324728012084961	196.607879638672
-0.323790550231934	202.616027832031
-0.322774887084961	209.415725708008
-0.321759223937988	216.062927246094
-0.320743560791016	222.900772094727
-0.319806098937988	229.7529296875
-0.318790435791016	236.118698120117
-0.317774772644043	242.856506347656
-0.316837310791016	249.265197753906
-0.315821647644043	255.926605224609
-0.31480598449707	262.001525878906
-0.313868522644043	268.071746826172
-0.31285285949707	274.094207763672
-0.311837196350098	280.307373046875
-0.310821533203125	285.824401855469
-0.309884071350098	291.198455810547
-0.308868408203125	296.314910888672
-0.307852745056152	301.369384765625
-0.306915283203125	305.894561767578
-0.305899620056152	310.419738769531
-0.30488395690918	314.225006103516
-0.303946495056152	318.435485839844
-0.30293083190918	321.935455322266
-0.301915168762207	325.521270751953
-0.30097770690918	328.897277832031
-0.299962043762207	331.782165527344
-0.298946380615234	334.352294921875
-0.297930717468262	336.884307861328
-0.296993255615234	339.192291259766
-0.295977592468262	341.829193115234
-0.294961929321289	342.682739257813
-0.294024467468262	344.303985595703
-0.293008804321289	345.949066162109
-0.291993141174316	347.384368896484
-0.291055679321289	349.220184326172
-0.290040016174316	349.820983886719
-0.289024353027344	350.84619140625
-0.288086891174316	351.556671142578
-0.287071228027344	352.438842773438
-0.286055564880371	353.092102050781
-0.285039901733398	353.487884521484
-0.284102439880371	353.855041503906
-0.283086776733398	354.446319580078
-0.282071113586426	354.517852783203
-0.281133651733398	354.918395996094
-0.280117988586426	354.794403076172
-0.279102325439453	354.937469482422
-0.278164863586426	354.718109130859
-0.277149200439453	354.632293701172
-0.27613353729248	354.446319580078
-0.275117874145508	354.446319580078
-0.27418041229248	353.826416015625
-0.273164749145508	353.554626464844
-0.272149085998535	353.239929199219
-0.271211624145508	352.991973876953
-0.270195960998535	352.338684082031
-0.269180297851563	351.756958007813
-0.268242835998535	350.960632324219
-0.267227172851563	349.820983886719
-0.26621150970459	349.291717529297
-0.265274047851563	348.481079101563
-0.26425838470459	347.861206054688
-0.263242721557617	346.974273681641
-0.262227058410645	346.511749267578
-0.261289596557617	345.524688720703
-0.260273933410645	344.594848632813
-0.259259223937988	343.779479980469
-0.258320808410645	342.825805664063
-0.257306098937988	341.791046142578
-0.256290435791016	340.799224853516
-0.255352020263672	339.583312988281
-0.254337310791016	338.915740966797
-0.253321647644043	337.4755859375
-0.25230598449707	336.421783447266
-0.251368522644043	335.124786376953
-0.25035285949707	333.865936279297
-0.249337196350098	332.425872802734
-0.24839973449707	331.062133789063
-0.247384071350098	329.579162597656
-0.246368408203125	328.201110839844
-0.245430946350098	326.360504150391
-0.244415283203125	324.80126953125
-0.243399620056152	323.05126953125
-0.242462158203125	321.430023193359
-0.241446495056152	319.336700439453
-0.24043083190918	317.395965576172
-0.239415168762207	314.930725097656
-0.23847770690918	312.794494628906
-0.237462043762207	310.791687011719
-0.236446380615234	308.302581787109
-0.235508918762207	306.0185546875
-0.234493255615234	303.672515869141
-0.233477592468262	301.469512939453
-0.232540130615234	298.780151367188
-0.231524467468262	296.128936767578
-0.230508804321289	293.267913818359
-0.229493141174316	290.592864990234
-0.228555679321289	287.617401123047
-0.227540016174316	284.813507080078
-0.226524353027344	281.671142578125
-0.225586891174316	278.738586425781
-0.224571228027344	275.472259521484
-0.223555564880371	272.410949707031
-0.222618103027344	269.321044921875
-0.221602439880371	265.930755615234
-0.220586776733398	262.459289550781
-0.219649314880371	259.111877441406
-0.218633651733398	255.731109619141
-0.217617988586426	252.593521118164
-0.216602325439453	248.740676879883
-0.215664863586426	245.240692138672
-0.214649200439453	241.697784423828
-0.21363353729248	238.169189453125
-0.212696075439453	234.664337158203
-0.21168041229248	230.911636352539
-0.210664749145508	226.834686279297
-0.20972728729248	223.196411132813
-0.208711624145508	219.634429931641
-0.207695960998535	216.082000732422
-0.206680297851563	212.419799804688
-0.205742835998535	208.733840942383
-0.204727172851563	205.276779174805
-0.20371150970459	201.648040771484
-0.202774047851563	198.252960205078
-0.20175838470459	194.681457519531
-0.200742721557617	191.238693237305
-0.19980525970459	187.762542724609
-0.198789596557617	184.357833862305
-0.197773933410645	180.957977294922
-0.196836471557617	177.748870849609
-0.195820808410645	174.372863769531
-0.194805145263672	171.187591552734
-0.193789482116699	168.030883789063
-0.192852020263672	164.974349975586
-0.191836357116699	161.80339050293
-0.190820693969727	158.756393432617
-0.189883232116699	155.685516357422
-0.188867568969727	152.896026611328
-0.187851905822754	149.90625
-0.186914443969727	147.092910766602
-0.185898780822754	144.355865478516
-0.184883117675781	141.656921386719
-0.183867454528809	138.991409301758
-0.182929992675781	136.168533325195
-0.181914329528809	133.665130615234
-0.180898666381836	131.195068359375
-0.179961204528809	128.777496337891
-0.178945541381836	126.383781433105
-0.177929878234863	124.07112121582
-0.176992416381836	121.767997741699
-0.175976753234863	119.72713470459
-0.174961090087891	117.44303894043
-0.174023628234863	115.421249389648
-0.173007965087891	113.323165893555
-0.171993255615234	111.33952331543
-0.170977592468262	109.355880737305
-0.170040130615234	107.472373962402
-0.169024467468262	105.612655639648
-0.168008804321289	103.834060668945
-0.167071342468262	101.998229980469
-0.166055679321289	100.343612670898
-0.165040016174316	98.6556091308594
-0.164102554321289	97.0868072509766
-0.163086891174316	95.4512634277344
-0.162071228027344	93.9063110351563
-0.161133766174316	92.3899154663086
-0.160118103027344	91.0023193359375
-0.159102439880371	89.5336608886719
-0.158086776733398	88.1508331298828
-0.157149314880371	86.7870788574219
-0.156133651733398	85.5282287597656
-0.155117988586426	84.2646102905273
-0.154180526733398	82.9533081054688
-0.153164863586426	81.7182998657227
-0.152149200439453	80.5404663085938
-0.151211738586426	79.4437408447266
-0.150196075439453	78.3279418945313
-0.14918041229248	77.3027420043945
-0.148164749145508	76.2155532836914
-0.14722728729248	75.2475738525391
-0.146211624145508	74.2462158203125
-0.145195960998535	73.3259201049805
-0.144258499145508	72.4485397338867
-0.143242835998535	71.5473175048828
-0.142227172851563	70.6174850463867
-0.141289710998535	69.7973251342773
-0.140274047851563	68.9628601074219
-0.13925838470459	68.2714004516602
-0.138320922851563	67.3892517089844
-0.13730525970459	66.6596908569336
-0.136289596557617	65.9062881469727
-0.135273933410645	65.2625579833984
-0.134336471557617	64.5997543334961
-0.133320808410645	63.9083404541016
-0.132305145263672	63.2312316894531
-0.131367683410645	62.6351852416992
-0.130352020263672	61.986686706543
-0.129336357116699	61.4049453735352
-0.128398895263672	60.775520324707
-0.127383232116699	60.2271575927734
-0.126367568969727	59.5595855712891
-0.125351905822754	58.9826126098633
-0.124414443969727	58.48193359375
-0.123398780822754	57.9383392333984
-0.122383117675781	57.4328918457031
-0.121445655822754	56.8988342285156
-0.120429992675781	56.4172286987305
-0.119414329528809	55.949878692627
-0.118476867675781	55.506420135498
-0.117461204528809	54.9914360046387
-0.116445541381836	54.5384407043457
-0.115508079528809	54.0949821472168
-0.114492416381836	53.670597076416
-0.113476753234863	53.203296661377
-0.112461090087891	52.7693748474121
-0.111523628234863	52.3163795471191
-0.110507965087891	51.9206047058105
-0.109492301940918	51.4628410339355
-0.108554840087891	51.0432243347168
-0.107539176940918	50.6522178649902
-0.106523513793945	50.2278327941895
-0.105586051940918	49.8272895812988
-0.104570388793945	49.4362831115723
-0.103554725646973	48.9880561828613
-0.1025390625	48.635196685791
-0.101601600646973	48.1869697570801
-0.1005859375	47.8102684020996
-0.0995702743530273	47.3906517028809
-0.0986328125	46.9138145446777
-0.0976171493530273	46.5943336486816
-0.0966014862060547	46.1461067199707
-0.0956640243530273	45.7837104797363
-0.0946483612060547	45.3783988952637
-0.093632698059082	44.9826240539551
-0.0926952362060547	44.5963859558105
-0.091679573059082	44.205379486084
-0.0906639099121094	43.8143730163574
-0.0896492004394531	43.4471588134766
-0.0887107849121094	43.0323104858398
-0.0876960754394531	42.6651458740234
-0.0866804122924805	42.3075180053711
-0.0857429504394531	41.9641952514648
-0.0847272872924805	41.5636520385742
-0.0837116241455078	41.2012557983398
-0.0827741622924805	40.8293228149414
-0.0817584991455078	40.5003051757813
-0.0807428359985352	40.1140670776367
-0.0797271728515625	39.7469024658203
-0.0787897109985352	39.3845062255859
-0.0777740478515625	39.0507202148438
-0.0767583847045898	38.6883239746094
-0.0758209228515625	38.3688430786133
-0.0748052597045898	37.9873733520508
-0.0737895965576172	37.6678924560547
-0.0728521347045898	37.2959594726563
-0.0718364715576172	36.9812469482422
-0.0708208084106445	36.6569976806641
-0.0698833465576172	36.2516860961914
-0.0688676834106445	35.9512786865234
-0.0678520202636719	35.5984191894531
-0.0668363571166992	35.3170852661133
-0.0658988952636719	35.0166778564453
-0.0648832321166992	34.7115020751953
-0.0638675689697266	34.3920211791992
-0.0629301071166992	34.1011505126953
-0.0619144439697266	33.8150482177734
-0.0608987808227539	33.5813980102539
-0.0599613189697266	33.2523803710938
-0.0589456558227539	32.9853515625
-0.0579299926757813	32.7183227539063
-0.0569143295288086	32.4655990600586
-0.0559768676757813	32.227180480957
-0.0549612045288086	31.9553852081299
-0.0539455413818359	31.6883563995361
-0.0530080795288086	31.4785480499268
-0.0519924163818359	31.2067031860352
-0.0509767532348633	30.9921264648438
-0.0500392913818359	30.7537078857422
-0.0490236282348633	30.5248260498047
-0.0480079650878906	30.3007125854492
-0.0470705032348633	30.1052093505859
-0.0460548400878906	29.8906326293945
-0.045039176940918	29.6903610229492
-0.0440235137939453	29.4662475585938
-0.043086051940918	29.2707443237305
-0.0420703887939453	29.0323257446289
-0.0410547256469727	28.8558959960938
-0.0401172637939453	28.6890029907227
-0.0391016006469727	28.4839630126953
-0.0380859375	28.3075332641602
-0.0371484756469727	28.1406402587891
-0.0361328125	27.9880523681641
-0.0351171493530273	27.8163909912109
-0.0341796875	27.6447296142578
-0.0331640243530273	27.4778366088867
-0.0321483612060547	27.3395538330078
-0.031132698059082	27.1726608276367
-0.0301952362060547	27.0248413085938
-0.029179573059082	26.8960952758789
-0.0281639099121094	26.7435073852539
-0.027226448059082	26.609992980957
-0.0262107849121094	26.4717102050781
-0.0251951217651367	26.3238906860352
-0.0242576599121094	26.2332916259766
-0.0232419967651367	26.0807037353516
-0.0222263336181641	25.9614944458008
-0.0212106704711914	25.8327484130859
-0.0202732086181641	25.7230758666992
-0.0192575454711914	25.5943298339844
-0.0182418823242188	25.4941940307617
-0.0173044204711914	25.384521484375
-0.0162887573242188	25.2891540527344
-0.0152730941772461	25.1604080200195
-0.0143356323242188	25.0698089599609
-0.0133199691772461	24.9267578125
-0.0123043060302734	24.8218536376953
-0.0113668441772461	24.7455596923828
-0.0103511810302734	24.6120452880859
-0.00933551788330078	24.5500564575195
-0.00831985473632813	24.464225769043
-0.00738239288330078	24.3831634521484
-0.00636672973632813	24.2877960205078
-0.00535202026367188	24.1971969604492
-0.00441360473632813	24.1113662719727
-0.00339794158935547	24.0541458129883
-0.00238323211669922	23.9683151245117
-0.00144481658935547	23.8777160644531
-4.30107116699219E-4	23.8014221191406
5.85556030273438E-4	23.7489700317383
0.00160121917724609	23.6822128295898
0.00253868103027344	23.6249923706055
0.00355434417724609	23.5343933105469
0.00457000732421875	23.4771728515625
0.00550746917724609	23.396110534668
0.00652313232421875	23.3436584472656
0.00753879547119141	23.2864379882813
0.00847625732421875	23.2053756713867
0.00949192047119141	23.1433868408203
0.0105075836181641	23.095703125
0.0114450454711914	23.0384826660156
0.0124607086181641	23.0003356933594
0.0134763717651367	22.9145050048828
0.0144920349121094	22.8286743164063
0.0154294967651367	22.7809906005859
0.0164451599121094	22.7333068847656
0.017460823059082	22.7142333984375
0.0183982849121094	22.637939453125
0.019413948059082	22.5902557373047
0.0204296112060547	22.5425720214844
0.021367073059082	22.5139617919922
0.0223827362060547	22.4710464477539
0.0233983993530273	22.4233627319336
0.0244140625	22.3709106445313
0.0253515243530273	22.332763671875
0.0263671875	22.2898483276367
0.0273828506469727	22.2564697265625
0.0283203125	22.2040176391602
0.0293359756469727	22.18017578125
0.0303516387939453	22.1372604370117
0.0312891006469727	22.1086502075195
0.0323047637939453	22.0752716064453
0.033320426940918	22.0466613769531
0.0342578887939453	21.9942092895508
0.035273551940918	21.9655990600586
0.0362892150878906	21.9465255737305
0.0373048782348633	21.9226837158203
0.0382423400878906	21.875
0.0392580032348633	21.8559265136719
0.0402736663818359	21.8225479125977
0.0412111282348633	21.8177795410156
0.0422267913818359	21.7748641967773
0.0432424545288086	21.722412109375
0.0441799163818359	21.6938018798828
0.0451955795288086	21.6604232788086
0.0462112426757813	21.6508865356445
0.0472269058227539	21.6127395629883
0.0481643676757813	21.5888977050781
0.0491800308227539	21.565055847168
0.0501956939697266	21.5412139892578
0.0511331558227539	21.5173721313477
0.0521488189697266	21.4887619018555
0.0531644821166992	21.4649200439453
0.0541019439697266	21.4601516723633
0.0551176071166992	21.422004699707
0.0561332702636719	21.3981628417969
0.0570707321166992	21.3886260986328
0.0580863952636719	21.3600158691406
0.0591020584106445	21.3457107543945
0.0601177215576172	21.3409423828125
0.0610551834106445	21.3075637817383
0.0620708465576172	21.2980270385742
0.0630865097045898	21.2646484375
0.0640239715576172	21.2455749511719
0.0650396347045898	21.2169647216797
0.0660552978515625	21.2169647216797
0.0669927597045898	21.1788177490234
0.0680084228515625	21.1597442626953
0.0690240859985352	21.1454391479492
0.0700397491455078	21.1359024047852
0.0709772109985352	21.0882186889648
0.0719928741455078	21.0596084594727
0.0730085372924805	21.0500717163086
0.0739459991455078	21.0214614868164
0.0749616622924805	21.0071563720703
0.0759773254394531	20.9976196289063
0.0769147872924805	20.9690093994141
0.0779304504394531	20.9499359130859
0.0789461135864258	20.9308624267578
0.0798835754394531	20.9165573120117
0.0808992385864258	20.9117889404297
0.081913948059082	20.8831787109375
0.0829296112060547	20.8688735961914
0.083867073059082	20.8402633666992
0.0848827362060547	20.8164215087891
0.0858983993530273	20.806884765625
0.0868358612060547	20.7782745361328
0.0878515243530273	20.7544326782227
0.0888671875	20.7305908203125
0.0898046493530273	20.7067489624023
0.0908203125	20.7162857055664
0.0918359756469727	20.6686019897461
0.0928516387939453	20.654296875
0.0937891006469727	20.6304550170898
0.0948047637939453	20.6209182739258
0.095820426940918	20.6018447875977
0.0967578887939453	20.5636978149414
0.097773551940918	20.5446243286133
0.0987892150878906	20.501708984375
0.099726676940918	20.4874038696289
0.100742340087891	20.4778671264648
0.101758003234863	20.4349517822266
0.102695465087891	20.4063415527344
0.103711128234863	20.4063415527344
0.104726791381836	20.3681945800781
0.105742454528809	20.3586578369141
0.106679916381836	20.3395843505859
0.107695579528809	20.3205108642578
0.108711242675781	20.2966690063477
0.109648704528809	20.2775955200195
0.110664367675781	20.2775955200195
0.111680030822754	20.2537536621094
0.112617492675781	20.2108383178711
0.113633155822754	20.191764831543
0.114648818969727	20.1726913452148
0.115586280822754	20.1631546020508
0.116601943969727	20.1250076293945
0.117617607116699	20.1202392578125
0.118633270263672	20.0820922851563
0.119570732116699	20.0773239135742
0.120586395263672	20.0534820556641
0.121602058410645	20.0248718261719
0.122539520263672	20.0201034545898
0.123555183410645	19.9867248535156
0.124570846557617	19.9676513671875
0.125508308410645	19.9485778808594
0.126523971557617	19.9295043945313
0.12753963470459	19.8770523071289
0.128555297851563	19.8579788208008
0.12949275970459	19.8341369628906
0.130508422851563	19.8150634765625
0.131524085998535	19.7959899902344
0.132461547851563	19.7769165039063
0.133477210998535	19.7530746459961
0.134492874145508	19.734001159668
0.135430335998535	19.7053909301758
0.136445999145508	19.6863174438477
0.13746166229248	19.6720123291016
0.138399124145508	19.6624755859375
0.13941478729248	19.6338653564453
0.140430450439453	19.6147918701172
0.141446113586426	19.581413269043
0.142383575439453	19.5718765258789
0.143399238586426	19.5528030395508
0.144414901733398	19.5289611816406
0.145352363586426	19.5003509521484
0.146368026733398	19.4765090942383
0.147383689880371	19.4574356079102
0.148321151733398	19.4478988647461
0.149336814880371	19.4192886352539
0.150352478027344	19.3906784057617
0.151368141174316	19.3763732910156
0.152305603027344	19.3525314331055
0.153321266174316	19.3286895751953
0.154336929321289	19.3048477172852
0.155274391174316	19.2523956298828
0.156290054321289	19.2428588867188
0.157305717468262	19.2190170288086
0.158243179321289	19.1999435424805
0.159258842468262	19.1856384277344
0.160274505615234	19.1522598266602
0.161211967468262	19.1379547119141
0.162227630615234	19.0998077392578
0.163243293762207	19.0902709960938
0.164258003234863	19.0664291381836
0.165196418762207	19.0378189086914
0.16621208190918	19.0092086791992
0.167226791381836	18.9901351928711
0.16816520690918	18.9615249633789
0.169179916381836	18.9567565917969
0.170195579528809	18.9138412475586
0.171133041381836	18.8852310180664
0.172148704528809	18.8756942749023
0.173164367675781	18.8470840454102
0.174180030822754	18.828010559082
0.175117492675781	18.7994003295898
0.176133155822754	18.7612533569336
0.177148818969727	18.7516689300537
0.178086280822754	18.7182903289795
0.179101943969727	18.7039852142334
0.180117607116699	18.6658382415771
0.181055068969727	18.6515331268311
0.182070732116699	18.6086177825928
0.183086395263672	18.5895442962646
0.184023857116699	18.5418605804443
0.185039520263672	18.5180187225342
0.186055183410645	18.489408493042
0.187070846557617	18.4607982635498
0.188008308410645	18.4464931488037
0.189023971557617	18.4083461761475
0.19003963470459	18.3988094329834
0.190977096557617	18.3511257171631
0.19199275970459	18.3225154876709
0.193008422851563	18.2986736297607
0.19394588470459	18.2796001434326
0.194961547851563	18.2557582855225
0.195977210998535	18.2319164276123
0.196992874145508	18.1937694549561
0.197930335998535	18.17946434021
0.198945999145508	18.1413173675537
0.19996166229248	18.1174755096436
0.198945999145508	17.5452709197998
0.197930335998535	17.0350551605225
0.196992874145508	16.5200710296631
0.195977210998535	16.052770614624
0.194961547851563	15.595006942749
0.19394588470459	15.1515483856201
0.193008422851563	14.7271633148193
0.19199275970459	14.3123149871826
0.190977096557617	13.9213085174561
